Date,Close,High,Low,Open
2005-01-03 07:00:00,3820.5,3820.5,3820.0,3820.0
2005-01-03 07:10:00,3821.5,3821.5,3821.5,3821.5
2005-01-03 07:20:00,3822.5,3822.5,3822.0,3822.0
2005-01-03 07:30:00,3821.0,3823.0,3821.0,3822.5
2005-01-03 07:40:00,3822.0,3822.0,3822.0,3822.0
2005-01-03 07:50:00,3828.5,3832.0,3828.5,3828.5
2005-01-03 08:00:00,3828.5,3828.5,3826.0,3826.5
2005-01-03 08:10:00,3841.5,3841.5,3839.5,3841.5
2005-01-03 08:20:00,3847.5,3848.0,3846.0,3846.0
2005-01-03 08:30:00,3863.5,3863.5,3861.5,3862.0
2005-01-03 08:40:00,3865.0,3865.5,3864.5,3865.0
2005-01-03 08:50:00,3867.5,3868.0,3867.5,3867.5
2005-01-03 09:00:00,3871.5,3872.5,3871.5,3872.0
2005-01-03 09:10:00,3877.0,3877.5,3876.5,3877.0
2005-01-03 09:20:00,3879.5,3880.5,3879.5,3880.0
2005-01-03 09:30:00,3877.5,3878.0,3876.5,3878.0
2005-01-03 09:40:00,3878.5,3878.5,3878.0,3878.0
2005-01-03 09:50:00,3875.0,3876.0,3874.5,3875.5
2005-01-03 10:00:00,3872.5,3874.0,3872.5,3873.5
2005-01-03 10:10:00,3870.5,3871.0,3870.0,3870.0
2005-01-03 10:20:00,3870.0,3870.5,3869.5,3870.0
2005-01-03 10:30:00,3869.5,3870.0,3869.0,3870.0
2005-01-03 10:40:00,3872.5,3872.5,3872.5,3872.5
2005-01-03 10:50:00,3872.0,3872.0,3872.0,3872.0
2005-01-03 11:00:00,3871.5,3872.0,3871.5,3872.0
2005-01-03 11:10:00,3874.0,3874.5,3873.0,3873.5
2005-01-03 11:20:00,3875.5,3875.5,3875.0,3875.0
2005-01-03 11:30:00,3875.0,3875.0,3874.5,3874.5
2005-01-03 11:40:00,3876.0,3876.0,3876.0,3876.0
2005-01-03 11:50:00,3877.5,3878.0,3877.0,3877.0
2005-01-03 12:00:00,3878.5,3878.5,3877.5,3877.5
2005-01-03 12:10:00,3877.5,3877.5,3877.5,3877.5
2005-01-03 12:20:00,3876.0,3876.0,3876.0,3876.0
2005-01-03 12:30:00,3873.5,3873.5,3873.5,3873.5
2005-01-03 12:40:00,3873.0,3873.0,3873.0,3873.0
2005-01-03 12:50:00,3867.5,3869.5,3867.5,3869.5
2005-01-03 13:00:00,3869.5,3870.0,3869.0,3870.0
2005-01-03 13:10:00,3868.0,3868.5,3868.0,3868.5
2005-01-03 13:20:00,3870.5,3870.5,3870.5,3870.5
2005-01-03 13:30:00,3868.5,3868.5,3868.5,3868.5
2005-01-03 13:40:00,3870.5,3870.5,3869.5,3869.5
2005-01-03 13:50:00,3870.0,3870.0,3870.0,3870.0
2005-01-03 14:00:00,3870.1,3870.6,3870.1,3870.6
2005-01-03 14:10:00,3870.6,3871.1,3870.6,3870.6
2005-01-03 14:20:00,3868.6,3868.6,3868.1,3868.6
2005-01-03 14:30:00,3873.1,3874.1,3872.6,3873.6
2005-01-03 14:40:00,3873.1,3873.6,3871.6,3873.6
2005-01-03 14:50:00,3872.6,3874.1,3872.6,3873.1
2005-01-03 15:00:00,3863.6,3863.6,3862.1,3862.1
2005-01-03 15:10:00,3855.1,3855.6,3854.1,3854.6
2005-01-03 15:20:00,3856.6,3857.6,3856.6,3856.6
2005-01-03 15:30:00,3851.6,3852.1,3850.1,3850.1
2005-01-03 15:40:00,3853.1,3853.1,3852.1,3852.6
2005-01-03 15:50:00,3856.1,3857.1,3856.1,3857.1
2005-01-03 16:00:00,3848.1,3848.6,3848.1,3848.1
2005-01-03 16:10:00,3849.1,3849.1,3848.1,3848.1
2005-01-03 16:20:00,3855.6,3857.1,3854.6,3854.6
2005-01-03 16:30:00,3856.6,3856.6,3856.6,3856.6
2005-01-03 16:40:00,3858.1,3858.6,3858.1,3858.6
2005-01-03 16:50:00,3857.6,3857.6,3857.1,3857.1
2005-01-03 17:00:00,3857.1,3857.1,3856.1,3856.1
2005-01-03 17:10:00,3855.6,3856.1,3855.1,3856.1
2005-01-03 17:20:00,3855.1,3855.6,3855.1,3855.6
2005-01-03 17:30:00,3854.6,3854.6,3853.6,3854.1
2005-01-03 17:40:00,3858.1,3858.1,3858.1,3858.1
2005-01-03 17:50:00,3858.1,3858.1,3858.1,3858.1
2005-01-03 18:00:00,3853.1,3853.6,3853.1,3853.6
2005-01-03 18:10:00,3855.6,3855.6,3855.6,3855.6
2005-01-03 18:20:00,3848.1,3848.1,3848.1,3848.1
2005-01-03 18:30:00,3851.1,3851.1,3850.6,3850.6
2005-01-03 18:40:00,3850.6,3850.6,3850.6,3850.6
2005-01-03 18:50:00,3847.1,3849.1,3847.1,3848.6
2005-01-03 19:00:00,3847.1,3849.1,3847.1,3848.6
2005-01-03 19:10:00,3847.1,3849.1,3847.1,3848.6
2005-01-03 19:20:00,3847.1,3849.1,3847.1,3848.6
2005-01-03 19:30:00,3847.1,3849.1,3847.1,3848.6
2005-01-03 19:40:00,3847.1,3849.1,3847.1,3848.6
2005-01-03 19:50:00,3847.1,3849.1,3847.1,3848.6
2005-01-03 20:00:00,3847.1,3849.1,3847.1,3848.6
2005-01-03 20:10:00,3847.1,3849.1,3847.1,3848.6
2005-01-03 20:20:00,3847.1,3849.1,3847.1,3848.6
2005-01-03 20:30:00,3847.1,3849.1,3847.1,3848.6
2005-01-03 20:40:00,3847.1,3849.1,3847.1,3848.6
2005-01-03 20:50:00,3847.1,3849.1,3847.1,3848.6
2005-01-03 21:00:00,3847.1,3849.1,3847.1,3848.6
2005-01-03 21:10:00,3847.1,3849.1,3847.1,3848.6
2005-01-03 21:20:00,3847.1,3849.1,3847.1,3848.6
2005-01-03 21:30:00,3847.1,3849.1,3847.1,3848.6
2005-01-03 21:40:00,3847.1,3849.1,3847.1,3848.6
2005-01-03 21:50:00,3847.1,3849.1,3847.1,3848.6
2005-01-03 22:00:00,3847.1,3849.1,3847.1,3848.6
2005-01-03 22:10:00,3847.1,3849.1,3847.1,3848.6
2005-01-03 22:20:00,3847.1,3849.1,3847.1,3848.6
2005-01-03 22:30:00,3847.1,3849.1,3847.1,3848.6
2005-01-03 22:40:00,3847.1,3849.1,3847.1,3848.6
2005-01-03 22:50:00,3847.1,3849.1,3847.1,3848.6
2005-01-03 23:00:00,3847.1,3849.1,3847.1,3848.6
2005-01-03 23:10:00,3847.1,3849.1,3847.1,3848.6
2005-01-03 23:20:00,3847.1,3849.1,3847.1,3848.6
2005-01-03 23:30:00,3847.1,3849.1,3847.1,3848.6
2005-01-03 23:40:00,3847.1,3849.1,3847.1,3848.6
2005-01-03 23:50:00,3847.1,3849.1,3847.1,3848.6
2005-01-04 00:00:00,3847.1,3849.1,3847.1,3848.6
2005-01-04 00:10:00,3847.1,3849.1,3847.1,3848.6
2005-01-04 00:20:00,3847.1,3849.1,3847.1,3848.6
2005-01-04 00:30:00,3847.1,3849.1,3847.1,3848.6
2005-01-04 00:40:00,3847.1,3849.1,3847.1,3848.6
2005-01-04 00:50:00,3847.1,3849.1,3847.1,3848.6
2005-01-04 01:00:00,3847.1,3849.1,3847.1,3848.6
2005-01-04 01:10:00,3847.1,3849.1,3847.1,3848.6
2005-01-04 01:20:00,3847.1,3849.1,3847.1,3848.6
2005-01-04 01:30:00,3847.1,3849.1,3847.1,3848.6
2005-01-04 01:40:00,3847.1,3849.1,3847.1,3848.6
2005-01-04 01:50:00,3847.1,3849.1,3847.1,3848.6
2005-01-04 02:00:00,3847.1,3849.1,3847.1,3848.6
2005-01-04 02:10:00,3847.1,3849.1,3847.1,3848.6
2005-01-04 02:20:00,3847.1,3849.1,3847.1,3848.6
2005-01-04 02:30:00,3847.1,3849.1,3847.1,3848.6
2005-01-04 02:40:00,3847.1,3849.1,3847.1,3848.6
2005-01-04 02:50:00,3847.1,3849.1,3847.1,3848.6
2005-01-04 03:00:00,3847.1,3849.1,3847.1,3848.6
2005-01-04 03:10:00,3847.1,3849.1,3847.1,3848.6
2005-01-04 03:20:00,3847.1,3849.1,3847.1,3848.6
2005-01-04 03:30:00,3847.1,3849.1,3847.1,3848.6
2005-01-04 03:40:00,3847.1,3849.1,3847.1,3848.6
2005-01-04 03:50:00,3847.1,3849.1,3847.1,3848.6
2005-01-04 04:00:00,3847.1,3849.1,3847.1,3848.6
2005-01-04 04:10:00,3847.1,3849.1,3847.1,3848.6
2005-01-04 04:20:00,3847.1,3849.1,3847.1,3848.6
2005-01-04 04:30:00,3847.1,3849.1,3847.1,3848.6
2005-01-04 04:40:00,3847.1,3849.1,3847.1,3848.6
2005-01-04 04:50:00,3847.1,3849.1,3847.1,3848.6
2005-01-04 05:00:00,3847.1,3849.1,3847.1,3848.6
2005-01-04 05:10:00,3847.1,3849.1,3847.1,3848.6
2005-01-04 05:20:00,3847.1,3849.1,3847.1,3848.6
2005-01-04 05:30:00,3847.1,3849.1,3847.1,3848.6
2005-01-04 05:40:00,3847.1,3849.1,3847.1,3848.6
2005-01-04 05:50:00,3847.1,3849.1,3847.1,3848.6
2005-01-04 06:00:00,3847.1,3849.1,3847.1,3848.6
2005-01-04 06:10:00,3847.1,3849.1,3847.1,3848.6
2005-01-04 06:20:00,3847.1,3849.1,3847.1,3848.6
2005-01-04 06:30:00,3847.1,3849.1,3847.1,3848.6
2005-01-04 06:40:00,3847.1,3849.1,3847.1,3848.6
2005-01-04 06:50:00,3847.1,3849.1,3847.1,3848.6
2005-01-04 07:00:00,3843.8,3843.8,3842.8,3842.8
2005-01-04 07:10:00,3841.8,3841.8,3841.8,3841.8
2005-01-04 07:20:00,3840.3,3840.3,3840.3,3840.3
2005-01-04 07:30:00,3844.3,3844.3,3840.8,3841.8
2005-01-04 07:40:00,3844.8,3844.8,3844.8,3844.8
2005-01-04 07:50:00,3847.8,3847.8,3846.3,3846.3
2005-01-04 08:00:00,3851.3,3851.3,3849.8,3850.3
2005-01-04 08:10:00,3857.3,3857.8,3856.3,3856.3
2005-01-04 08:20:00,3856.8,3856.8,3856.8,3856.8
2005-01-04 08:30:00,3856.8,3856.8,3856.8,3856.8
2005-01-04 08:40:00,3853.8,3854.3,3853.8,3854.3
2005-01-04 08:50:00,3857.8,3858.3,3857.8,3857.8
2005-01-04 09:00:00,3856.3,3857.3,3856.3,3857.3
2005-01-04 09:10:00,3856.8,3856.8,3854.8,3854.8
2005-01-04 09:20:00,3864.3,3864.8,3863.3,3863.3
2005-01-04 09:30:00,3862.8,3864.3,3862.8,3863.8
2005-01-04 09:40:00,3861.3,3861.3,3861.3,3861.3
2005-01-04 09:50:00,3862.3,3863.8,3862.3,3863.8
2005-01-04 10:00:00,3857.8,3858.8,3857.8,3858.8
2005-01-04 10:10:00,3859.8,3859.8,3858.3,3858.3
2005-01-04 10:20:00,3858.3,3858.8,3858.3,3858.8
2005-01-04 10:30:00,3860.8,3860.8,3860.8,3860.8
2005-01-04 10:40:00,3862.8,3863.3,3862.8,3863.3
2005-01-04 10:50:00,3863.3,3863.3,3862.8,3862.8
2005-01-04 11:00:00,3862.8,3862.8,3862.3,3862.3
2005-01-04 11:10:00,3864.3,3864.8,3864.3,3864.8
2005-01-04 11:20:00,3867.8,3867.8,3867.3,3867.3
2005-01-04 11:30:00,3865.8,3865.8,3865.8,3865.8
2005-01-04 11:40:00,3864.8,3864.8,3864.8,3864.8
2005-01-04 11:50:00,3863.8,3863.8,3863.3,3863.3
2005-01-04 12:00:00,3862.8,3862.8,3862.3,3862.8
2005-01-04 12:10:00,3863.3,3863.3,3863.3,3863.3
2005-01-04 12:20:00,3862.8,3862.8,3862.8,3862.8
2005-01-04 12:30:00,3863.3,3863.3,3862.8,3863.3
2005-01-04 12:40:00,3863.3,3863.8,3863.3,3863.8
2005-01-04 12:50:00,3863.3,3863.8,3862.8,3863.8
2005-01-04 13:00:00,3861.4,3861.9,3861.4,3861.9
2005-01-04 13:10:00,3860.4,3860.4,3860.4,3860.4
2005-01-04 13:20:00,3860.9,3860.9,3860.9,3860.9
2005-01-04 13:30:00,3859.4,3861.4,3859.4,3860.9
2005-01-04 13:40:00,3859.4,3859.4,3858.9,3859.4
2005-01-04 13:50:00,3861.4,3861.4,3860.4,3860.4
2005-01-04 14:00:00,3862.9,3863.4,3862.4,3863.4
2005-01-04 14:10:00,3862.9,3862.9,3862.9,3862.9
2005-01-04 14:20:00,3862.9,3862.9,3861.9,3862.9
2005-01-04 14:30:00,3863.9,3865.4,3863.9,3865.4
2005-01-04 14:40:00,3864.9,3864.9,3863.4,3864.4
2005-01-04 14:50:00,3863.4,3864.9,3862.9,3863.9
2005-01-04 15:00:00,3871.9,3872.9,3871.9,3872.9
2005-01-04 15:10:00,3870.9,3870.9,3870.4,3870.4
2005-01-04 15:20:00,3862.9,3862.9,3861.9,3862.4
2005-01-04 15:30:00,3861.9,3863.4,3861.4,3863.4
2005-01-04 15:40:00,3857.9,3858.9,3856.4,3857.4
2005-01-04 15:50:00,3856.4,3858.4,3855.9,3857.4
2005-01-04 16:00:00,3856.4,3856.4,3853.9,3854.4
2005-01-04 16:10:00,3859.4,3859.4,3858.4,3858.4
2005-01-04 16:20:00,3861.9,3862.4,3859.9,3859.9
2005-01-04 16:30:00,3866.4,3866.4,3865.4,3865.9
2005-01-04 16:40:00,3863.9,3863.9,3862.9,3863.4
2005-01-04 16:50:00,3862.4,3862.4,3862.4,3862.4
2005-01-04 17:00:00,3858.9,3859.4,3858.9,3859.4
2005-01-04 17:10:00,3856.4,3856.4,3855.9,3855.9
2005-01-04 17:20:00,3855.4,3855.4,3854.9,3854.9
2005-01-04 17:30:00,3854.9,3854.9,3854.9,3854.9
2005-01-04 17:40:00,3856.9,3857.4,3856.9,3857.4
2005-01-04 17:50:00,3852.4,3854.9,3852.4,3854.9
2005-01-04 18:00:00,3855.9,3855.9,3855.9,3855.9
2005-01-04 18:10:00,3856.4,3856.4,3856.4,3856.4
2005-01-04 18:20:00,3855.4,3855.4,3853.9,3853.9
2005-01-04 18:30:00,3851.9,3853.9,3851.9,3853.4
2005-01-04 18:40:00,3853.9,3853.9,3853.4,3853.4
2005-01-04 18:50:00,3849.4,3849.9,3848.9,3848.9
2005-01-04 19:00:00,3849.4,3849.9,3848.9,3848.9
2005-01-04 19:10:00,3849.4,3849.9,3848.9,3848.9
2005-01-04 19:20:00,3849.4,3849.9,3848.9,3848.9
2005-01-04 19:30:00,3849.4,3849.9,3848.9,3848.9
2005-01-04 19:40:00,3849.4,3849.9,3848.9,3848.9
2005-01-04 19:50:00,3849.4,3849.9,3848.9,3848.9
2005-01-04 20:00:00,3849.4,3849.9,3848.9,3848.9
2005-01-04 20:10:00,3849.4,3849.9,3848.9,3848.9
2005-01-04 20:20:00,3849.4,3849.9,3848.9,3848.9
2005-01-04 20:30:00,3849.4,3849.9,3848.9,3848.9
2005-01-04 20:40:00,3849.4,3849.9,3848.9,3848.9
2005-01-04 20:50:00,3849.4,3849.9,3848.9,3848.9
2005-01-04 21:00:00,3849.4,3849.9,3848.9,3848.9
2005-01-04 21:10:00,3849.4,3849.9,3848.9,3848.9
2005-01-04 21:20:00,3849.4,3849.9,3848.9,3848.9
2005-01-04 21:30:00,3849.4,3849.9,3848.9,3848.9
2005-01-04 21:40:00,3849.4,3849.9,3848.9,3848.9
2005-01-04 21:50:00,3849.4,3849.9,3848.9,3848.9
2005-01-04 22:00:00,3849.4,3849.9,3848.9,3848.9
2005-01-04 22:10:00,3849.4,3849.9,3848.9,3848.9
2005-01-04 22:20:00,3849.4,3849.9,3848.9,3848.9
2005-01-04 22:30:00,3849.4,3849.9,3848.9,3848.9
2005-01-04 22:40:00,3849.4,3849.9,3848.9,3848.9
2005-01-04 22:50:00,3849.4,3849.9,3848.9,3848.9
2005-01-04 23:00:00,3849.4,3849.9,3848.9,3848.9
2005-01-04 23:10:00,3849.4,3849.9,3848.9,3848.9
2005-01-04 23:20:00,3849.4,3849.9,3848.9,3848.9
2005-01-04 23:30:00,3849.4,3849.9,3848.9,3848.9
2005-01-04 23:40:00,3849.4,3849.9,3848.9,3848.9
2005-01-04 23:50:00,3849.4,3849.9,3848.9,3848.9
2005-01-05 00:00:00,3849.4,3849.9,3848.9,3848.9
2005-01-05 00:10:00,3849.4,3849.9,3848.9,3848.9
2005-01-05 00:20:00,3849.4,3849.9,3848.9,3848.9
2005-01-05 00:30:00,3849.4,3849.9,3848.9,3848.9
2005-01-05 00:40:00,3849.4,3849.9,3848.9,3848.9
2005-01-05 00:50:00,3849.4,3849.9,3848.9,3848.9
2005-01-05 01:00:00,3849.4,3849.9,3848.9,3848.9
2005-01-05 01:10:00,3849.4,3849.9,3848.9,3848.9
2005-01-05 01:20:00,3849.4,3849.9,3848.9,3848.9
2005-01-05 01:30:00,3849.4,3849.9,3848.9,3848.9
2005-01-05 01:40:00,3849.4,3849.9,3848.9,3848.9
2005-01-05 01:50:00,3849.4,3849.9,3848.9,3848.9
2005-01-05 02:00:00,3849.4,3849.9,3848.9,3848.9
2005-01-05 02:10:00,3849.4,3849.9,3848.9,3848.9
2005-01-05 02:20:00,3849.4,3849.9,3848.9,3848.9
2005-01-05 02:30:00,3849.4,3849.9,3848.9,3848.9
2005-01-05 02:40:00,3849.4,3849.9,3848.9,3848.9
2005-01-05 02:50:00,3849.4,3849.9,3848.9,3848.9
2005-01-05 03:00:00,3849.4,3849.9,3848.9,3848.9
2005-01-05 03:10:00,3849.4,3849.9,3848.9,3848.9
2005-01-05 03:20:00,3849.4,3849.9,3848.9,3848.9
2005-01-05 03:30:00,3849.4,3849.9,3848.9,3848.9
2005-01-05 03:40:00,3849.4,3849.9,3848.9,3848.9
2005-01-05 03:50:00,3849.4,3849.9,3848.9,3848.9
2005-01-05 04:00:00,3849.4,3849.9,3848.9,3848.9
2005-01-05 04:10:00,3849.4,3849.9,3848.9,3848.9
2005-01-05 04:20:00,3849.4,3849.9,3848.9,3848.9
2005-01-05 04:30:00,3849.4,3849.9,3848.9,3848.9
2005-01-05 04:40:00,3849.4,3849.9,3848.9,3848.9
2005-01-05 04:50:00,3849.4,3849.9,3848.9,3848.9
2005-01-05 05:00:00,3849.4,3849.9,3848.9,3848.9
2005-01-05 05:10:00,3849.4,3849.9,3848.9,3848.9
2005-01-05 05:20:00,3849.4,3849.9,3848.9,3848.9
2005-01-05 05:30:00,3849.4,3849.9,3848.9,3848.9
2005-01-05 05:40:00,3849.4,3849.9,3848.9,3848.9
2005-01-05 05:50:00,3849.4,3849.9,3848.9,3848.9
2005-01-05 06:00:00,3849.4,3849.9,3848.9,3848.9
2005-01-05 06:10:00,3849.4,3849.9,3848.9,3848.9
2005-01-05 06:20:00,3849.4,3849.9,3848.9,3848.9
2005-01-05 06:30:00,3849.4,3849.9,3848.9,3848.9
2005-01-05 06:40:00,3849.4,3849.9,3848.9,3848.9
2005-01-05 06:50:00,3849.4,3849.9,3848.9,3848.9
2005-01-05 07:00:00,3830.1,3831.1,3830.1,3831.1
2005-01-05 07:10:00,3835.6,3835.6,3835.6,3835.6
2005-01-05 07:20:00,3833.1,3833.1,3833.1,3833.1
2005-01-05 07:30:00,3832.6,3833.1,3832.6,3833.1
2005-01-05 07:40:00,3835.1,3835.1,3834.6,3835.1
2005-01-05 07:50:00,3834.6,3837.6,3833.6,3837.6
2005-01-05 08:00:00,3836.1,3836.6,3835.6,3836.6
2005-01-05 08:10:00,3829.6,3830.1,3829.1,3829.6
2005-01-05 08:20:00,3831.6,3834.1,3831.1,3833.6
2005-01-05 08:30:00,3834.1,3834.6,3833.6,3834.1
2005-01-05 08:40:00,3836.6,3837.6,3836.6,3837.6
2005-01-05 08:50:00,3837.6,3838.1,3837.6,3837.6
2005-01-05 09:00:00,3835.6,3836.1,3835.6,3836.1
2005-01-05 09:10:00,3835.6,3835.6,3835.1,3835.1
2005-01-05 09:20:00,3835.6,3836.1,3834.6,3835.1
2005-01-05 09:30:00,3835.1,3835.1,3835.1,3835.1
2005-01-05 09:40:00,3835.1,3836.1,3835.1,3835.6
2005-01-05 09:50:00,3834.1,3834.1,3833.2,3833.2
2005-01-05 10:00:00,3832.2,3832.7,3832.2,3832.7
2005-01-05 10:10:00,3832.2,3832.2,3831.7,3831.7
2005-01-05 10:20:00,3831.7,3831.7,3831.7,3831.7
2005-01-05 10:30:00,3830.2,3830.2,3830.2,3830.2
2005-01-05 10:40:00,3829.7,3829.7,3829.7,3829.7
2005-01-05 10:50:00,3832.7,3832.7,3832.2,3832.2
2005-01-05 11:00:00,3835.2,3835.2,3834.2,3834.2
2005-01-05 11:10:00,3834.7,3834.7,3834.7,3834.7
2005-01-05 11:20:00,3835.7,3835.7,3835.7,3835.7
2005-01-05 11:30:00,3835.2,3836.2,3835.2,3835.7
2005-01-05 11:40:00,3836.2,3836.2,3836.2,3836.2
2005-01-05 11:50:00,3836.7,3836.7,3836.2,3836.7
2005-01-05 12:00:00,3837.2,3837.7,3837.2,3837.7
2005-01-05 12:10:00,3835.7,3835.7,3834.2,3834.2
2005-01-05 12:20:00,3835.2,3835.7,3835.2,3835.2
2005-01-05 12:30:00,3835.7,3835.7,3835.2,3835.2
2005-01-05 12:40:00,3835.2,3835.2,3835.2,3835.2
2005-01-05 12:50:00,3835.2,3835.2,3835.2,3835.2
2005-01-05 13:00:00,3836.2,3837.2,3836.2,3836.2
2005-01-05 13:10:00,3839.2,3839.7,3838.7,3838.7
2005-01-05 13:20:00,3839.2,3839.7,3839.2,3839.2
2005-01-05 13:30:00,3840.2,3840.2,3839.7,3839.7
2005-01-05 13:40:00,3836.7,3837.2,3835.2,3837.2
2005-01-05 13:50:00,3833.2,3833.7,3833.2,3833.7
2005-01-05 14:00:00,3834.2,3834.2,3834.2,3834.2
2005-01-05 14:10:00,3835.7,3835.7,3835.2,3835.2
2005-01-05 14:20:00,3836.7,3836.7,3836.7,3836.7
2005-01-05 14:30:00,3837.7,3838.2,3836.2,3837.2
2005-01-05 14:40:00,3840.7,3841.7,3839.7,3841.2
2005-01-05 14:50:00,3839.7,3840.2,3838.2,3839.2
2005-01-05 15:00:00,3841.2,3844.2,3841.2,3842.2
2005-01-05 15:10:00,3841.7,3844.2,3841.7,3844.2
2005-01-05 15:20:00,3837.2,3838.2,3837.2,3838.2
2005-01-05 15:30:00,3833.7,3833.7,3831.7,3832.2
2005-01-05 15:40:00,3831.7,3831.7,3829.2,3830.2
2005-01-05 15:50:00,3831.2,3831.2,3830.7,3830.7
2005-01-05 16:00:00,3836.2,3836.2,3835.2,3835.7
2005-01-05 16:10:00,3834.2,3834.2,3832.7,3832.7
2005-01-05 16:20:00,3832.2,3834.7,3832.2,3834.2
2005-01-05 16:30:00,3832.7,3832.7,3831.7,3831.7
2005-01-05 16:40:00,3838.7,3838.7,3837.2,3837.2
2005-01-05 16:50:00,3835.7,3836.2,3835.7,3836.2
2005-01-05 17:00:00,3832.7,3832.7,3832.7,3832.7
2005-01-05 17:10:00,3832.7,3832.7,3832.7,3832.7
2005-01-05 17:20:00,3833.7,3834.7,3833.7,3834.7
2005-01-05 17:30:00,3829.8,3829.8,3829.3,3829.8
2005-01-05 17:40:00,3830.8,3830.8,3830.8,3830.8
2005-01-05 17:50:00,3833.3,3833.3,3833.3,3833.3
2005-01-05 18:00:00,3839.7,3840.2,3839.2,3839.2
2005-01-05 18:10:00,3838.2,3838.2,3837.7,3838.2
2005-01-05 18:20:00,3847.2,3847.2,3845.2,3845.2
2005-01-05 18:30:00,3846.7,3846.7,3846.7,3846.7
2005-01-05 18:40:00,3845.2,3845.2,3845.2,3845.2
2005-01-05 18:50:00,3843.3,3843.7,3842.3,3843.7
2005-01-05 19:00:00,3843.3,3843.7,3842.3,3843.7
2005-01-05 19:10:00,3843.3,3843.7,3842.3,3843.7
2005-01-05 19:20:00,3843.3,3843.7,3842.3,3843.7
2005-01-05 19:30:00,3843.3,3843.7,3842.3,3843.7
2005-01-05 19:40:00,3843.3,3843.7,3842.3,3843.7
2005-01-05 19:50:00,3843.3,3843.7,3842.3,3843.7
2005-01-05 20:00:00,3843.3,3843.7,3842.3,3843.7
2005-01-05 20:10:00,3843.3,3843.7,3842.3,3843.7
2005-01-05 20:20:00,3843.3,3843.7,3842.3,3843.7
2005-01-05 20:30:00,3843.3,3843.7,3842.3,3843.7
2005-01-05 20:40:00,3843.3,3843.7,3842.3,3843.7
2005-01-05 20:50:00,3843.3,3843.7,3842.3,3843.7
2005-01-05 21:00:00,3843.3,3843.7,3842.3,3843.7
2005-01-05 21:10:00,3843.3,3843.7,3842.3,3843.7
2005-01-05 21:20:00,3843.3,3843.7,3842.3,3843.7
2005-01-05 21:30:00,3843.3,3843.7,3842.3,3843.7
2005-01-05 21:40:00,3843.3,3843.7,3842.3,3843.7
2005-01-05 21:50:00,3843.3,3843.7,3842.3,3843.7
2005-01-05 22:00:00,3843.3,3843.7,3842.3,3843.7
2005-01-05 22:10:00,3843.3,3843.7,3842.3,3843.7
2005-01-05 22:20:00,3843.3,3843.7,3842.3,3843.7
2005-01-05 22:30:00,3843.3,3843.7,3842.3,3843.7
2005-01-05 22:40:00,3843.3,3843.7,3842.3,3843.7
2005-01-05 22:50:00,3843.3,3843.7,3842.3,3843.7
2005-01-05 23:00:00,3843.3,3843.7,3842.3,3843.7
2005-01-05 23:10:00,3843.3,3843.7,3842.3,3843.7
2005-01-05 23:20:00,3843.3,3843.7,3842.3,3843.7
2005-01-05 23:30:00,3843.3,3843.7,3842.3,3843.7
2005-01-05 23:40:00,3843.3,3843.7,3842.3,3843.7
2005-01-05 23:50:00,3843.3,3843.7,3842.3,3843.7
2005-01-06 00:00:00,3843.3,3843.7,3842.3,3843.7
2005-01-06 00:10:00,3843.3,3843.7,3842.3,3843.7
2005-01-06 00:20:00,3843.3,3843.7,3842.3,3843.7
2005-01-06 00:30:00,3843.3,3843.7,3842.3,3843.7
2005-01-06 00:40:00,3843.3,3843.7,3842.3,3843.7
2005-01-06 00:50:00,3843.3,3843.7,3842.3,3843.7
2005-01-06 01:00:00,3843.3,3843.7,3842.3,3843.7
2005-01-06 01:10:00,3843.3,3843.7,3842.3,3843.7
2005-01-06 01:20:00,3843.3,3843.7,3842.3,3843.7
2005-01-06 01:30:00,3843.3,3843.7,3842.3,3843.7
2005-01-06 01:40:00,3843.3,3843.7,3842.3,3843.7
2005-01-06 01:50:00,3843.3,3843.7,3842.3,3843.7
2005-01-06 02:00:00,3843.3,3843.7,3842.3,3843.7
2005-01-06 02:10:00,3843.3,3843.7,3842.3,3843.7
2005-01-06 02:20:00,3843.3,3843.7,3842.3,3843.7
2005-01-06 02:30:00,3843.3,3843.7,3842.3,3843.7
2005-01-06 02:40:00,3843.3,3843.7,3842.3,3843.7
2005-01-06 02:50:00,3843.3,3843.7,3842.3,3843.7
2005-01-06 03:00:00,3843.3,3843.7,3842.3,3843.7
2005-01-06 03:10:00,3843.3,3843.7,3842.3,3843.7
2005-01-06 03:20:00,3843.3,3843.7,3842.3,3843.7
2005-01-06 03:30:00,3843.3,3843.7,3842.3,3843.7
2005-01-06 03:40:00,3843.3,3843.7,3842.3,3843.7
2005-01-06 03:50:00,3843.3,3843.7,3842.3,3843.7
2005-01-06 04:00:00,3843.3,3843.7,3842.3,3843.7
2005-01-06 04:10:00,3843.3,3843.7,3842.3,3843.7
2005-01-06 04:20:00,3843.3,3843.7,3842.3,3843.7
2005-01-06 04:30:00,3843.3,3843.7,3842.3,3843.7
2005-01-06 04:40:00,3843.3,3843.7,3842.3,3843.7
2005-01-06 04:50:00,3843.3,3843.7,3842.3,3843.7
2005-01-06 05:00:00,3843.3,3843.7,3842.3,3843.7
2005-01-06 05:10:00,3843.3,3843.7,3842.3,3843.7
2005-01-06 05:20:00,3843.3,3843.7,3842.3,3843.7
2005-01-06 05:30:00,3843.3,3843.7,3842.3,3843.7
2005-01-06 05:40:00,3843.3,3843.7,3842.3,3843.7
2005-01-06 05:50:00,3843.3,3843.7,3842.3,3843.7
2005-01-06 06:00:00,3843.3,3843.7,3842.3,3843.7
2005-01-06 06:10:00,3843.3,3843.7,3842.3,3843.7
2005-01-06 06:20:00,3843.3,3843.7,3842.3,3843.7
2005-01-06 06:30:00,3843.3,3843.7,3842.3,3843.7
2005-01-06 06:40:00,3843.3,3843.7,3842.3,3843.7
2005-01-06 06:50:00,3843.3,3843.7,3842.3,3843.7
2005-01-06 07:00:00,3826.4,3826.4,3826.4,3826.4
2005-01-06 07:10:00,3827.4,3827.4,3827.4,3827.4
2005-01-06 07:20:00,3827.4,3827.4,3827.4,3827.4
2005-01-06 07:30:00,3828.4,3828.4,3828.4,3828.4
2005-01-06 07:40:00,3829.4,3829.9,3828.9,3829.9
2005-01-06 07:50:00,3828.4,3829.4,3826.4,3826.9
2005-01-06 08:00:00,3832.9,3833.4,3832.4,3832.4
2005-01-06 08:10:00,3834.9,3835.4,3834.9,3835.4
2005-01-06 08:20:00,3838.4,3838.9,3836.9,3836.9
2005-01-06 08:30:00,3837.4,3837.9,3836.9,3836.9
2005-01-06 08:40:00,3836.9,3837.4,3836.9,3837.4
2005-01-06 08:50:00,3841.9,3842.4,3840.9,3840.9
2005-01-06 09:00:00,3847.4,3847.9,3847.4,3847.4
2005-01-06 09:10:00,3847.9,3848.4,3847.9,3848.4
2005-01-06 09:20:00,3854.4,3856.4,3853.9,3854.9
2005-01-06 09:30:00,3854.4,3854.4,3853.9,3854.4
2005-01-06 09:40:00,3857.9,3858.9,3855.9,3855.9
2005-01-06 09:50:00,3857.9,3857.9,3857.4,3857.4
2005-01-06 10:00:00,3856.9,3857.4,3856.9,3857.4
2005-01-06 10:10:00,3858.4,3858.9,3857.9,3857.9
2005-01-06 10:20:00,3858.4,3859.4,3857.9,3859.4
2005-01-06 10:30:00,3856.9,3856.9,3856.9,3856.9
2005-01-06 10:40:00,3857.9,3857.9,3857.9,3857.9
2005-01-06 10:50:00,3858.9,3858.9,3858.9,3858.9
2005-01-06 11:00:00,3855.9,3856.9,3855.4,3856.9
2005-01-06 11:10:00,3859.4,3859.4,3858.9,3858.9
2005-01-06 11:20:00,3858.4,3858.4,3858.4,3858.4
2005-01-06 11:30:00,3857.4,3857.9,3857.4,3857.4
2005-01-06 11:40:00,3859.9,3860.4,3859.9,3860.4
2005-01-06 11:50:00,3859.9,3859.9,3859.9,3859.9
2005-01-06 12:00:00,3859.9,3859.9,3859.4,3859.9
2005-01-06 12:10:00,3861.4,3861.4,3861.4,3861.4
2005-01-06 12:20:00,3860.9,3861.4,3860.9,3861.4
2005-01-06 12:30:00,3861.0,3861.0,3860.5,3860.5
2005-01-06 12:40:00,3861.5,3861.5,3861.5,3861.5
2005-01-06 12:50:00,3860.5,3860.5,3860.5,3860.5
2005-01-06 13:00:00,3857.0,3858.5,3856.0,3858.5
2005-01-06 13:10:00,3856.5,3857.0,3856.5,3857.0
2005-01-06 13:20:00,3857.5,3858.0,3857.0,3858.0
2005-01-06 13:30:00,3852.5,3852.5,3851.0,3851.0
2005-01-06 13:40:00,3854.0,3854.0,3852.5,3852.5
2005-01-06 13:50:00,3855.5,3855.5,3855.0,3855.5
2005-01-06 14:00:00,3856.0,3856.0,3855.5,3855.5
2005-01-06 14:10:00,3856.0,3856.0,3856.0,3856.0
2005-01-06 14:20:00,3855.0,3855.0,3854.5,3854.5
2005-01-06 14:30:00,3858.5,3859.5,3858.5,3859.0
2005-01-06 14:40:00,3858.0,3859.0,3858.0,3858.5
2005-01-06 14:50:00,3857.0,3857.0,3855.5,3855.5
2005-01-06 15:00:00,3855.0,3855.0,3854.0,3855.0
2005-01-06 15:10:00,3857.0,3857.5,3857.0,3857.5
2005-01-06 15:20:00,3858.5,3859.5,3858.5,3859.5
2005-01-06 15:30:00,3858.5,3859.0,3857.5,3857.5
2005-01-06 15:40:00,3855.5,3856.0,3855.5,3855.5
2005-01-06 15:50:00,3852.0,3853.5,3851.5,3853.5
2005-01-06 16:00:00,3854.5,3855.0,3854.0,3854.5
2005-01-06 16:10:00,3856.5,3857.0,3856.0,3856.5
2005-01-06 16:20:00,3857.0,3857.5,3855.0,3857.5
2005-01-06 16:30:00,3860.5,3860.5,3860.0,3860.5
2005-01-06 16:40:00,3861.5,3862.0,3860.5,3860.5
2005-01-06 16:50:00,3859.0,3859.0,3858.5,3858.5
2005-01-06 17:00:00,3859.5,3860.0,3859.0,3860.0
2005-01-06 17:10:00,3860.5,3860.5,3860.5,3860.5
2005-01-06 17:20:00,3859.5,3860.0,3859.5,3860.0
2005-01-06 17:30:00,3858.5,3859.0,3858.5,3859.0
2005-01-06 17:40:00,3860.5,3860.5,3860.5,3860.5
2005-01-06 17:50:00,3856.0,3856.5,3855.5,3856.5
2005-01-06 18:00:00,3852.0,3852.0,3852.0,3852.0
2005-01-06 18:10:00,3854.5,3855.5,3854.5,3855.5
2005-01-06 18:20:00,3859.5,3859.5,3859.5,3859.5
2005-01-06 18:30:00,3859.5,3859.5,3859.5,3859.5
2005-01-06 18:40:00,3860.5,3861.5,3860.5,3860.5
2005-01-06 18:50:00,3863.0,3863.0,3861.5,3862.0
2005-01-06 19:00:00,3863.0,3863.0,3861.5,3862.0
2005-01-06 19:10:00,3863.0,3863.0,3861.5,3862.0
2005-01-06 19:20:00,3863.0,3863.0,3861.5,3862.0
2005-01-06 19:30:00,3863.0,3863.0,3861.5,3862.0
2005-01-06 19:40:00,3863.0,3863.0,3861.5,3862.0
2005-01-06 19:50:00,3863.0,3863.0,3861.5,3862.0
2005-01-06 20:00:00,3863.0,3863.0,3861.5,3862.0
2005-01-06 20:10:00,3863.0,3863.0,3861.5,3862.0
2005-01-06 20:20:00,3863.0,3863.0,3861.5,3862.0
2005-01-06 20:30:00,3863.0,3863.0,3861.5,3862.0
2005-01-06 20:40:00,3863.0,3863.0,3861.5,3862.0
2005-01-06 20:50:00,3863.0,3863.0,3861.5,3862.0
2005-01-06 21:00:00,3863.0,3863.0,3861.5,3862.0
2005-01-06 21:10:00,3863.0,3863.0,3861.5,3862.0
2005-01-06 21:20:00,3863.0,3863.0,3861.5,3862.0
2005-01-06 21:30:00,3863.0,3863.0,3861.5,3862.0
2005-01-06 21:40:00,3863.0,3863.0,3861.5,3862.0
2005-01-06 21:50:00,3863.0,3863.0,3861.5,3862.0
2005-01-06 22:00:00,3863.0,3863.0,3861.5,3862.0
2005-01-06 22:10:00,3863.0,3863.0,3861.5,3862.0
2005-01-06 22:20:00,3863.0,3863.0,3861.5,3862.0
2005-01-06 22:30:00,3863.0,3863.0,3861.5,3862.0
2005-01-06 22:40:00,3863.0,3863.0,3861.5,3862.0
2005-01-06 22:50:00,3863.0,3863.0,3861.5,3862.0
2005-01-06 23:00:00,3863.0,3863.0,3861.5,3862.0
2005-01-06 23:10:00,3863.0,3863.0,3861.5,3862.0
2005-01-06 23:20:00,3863.0,3863.0,3861.5,3862.0
2005-01-06 23:30:00,3863.0,3863.0,3861.5,3862.0
2005-01-06 23:40:00,3863.0,3863.0,3861.5,3862.0
2005-01-06 23:50:00,3863.0,3863.0,3861.5,3862.0
2005-01-07 00:00:00,3863.0,3863.0,3861.5,3862.0
2005-01-07 00:10:00,3863.0,3863.0,3861.5,3862.0
2005-01-07 00:20:00,3863.0,3863.0,3861.5,3862.0
2005-01-07 00:30:00,3863.0,3863.0,3861.5,3862.0
2005-01-07 00:40:00,3863.0,3863.0,3861.5,3862.0
2005-01-07 00:50:00,3863.0,3863.0,3861.5,3862.0
2005-01-07 01:00:00,3863.0,3863.0,3861.5,3862.0
2005-01-07 01:10:00,3863.0,3863.0,3861.5,3862.0
2005-01-07 01:20:00,3863.0,3863.0,3861.5,3862.0
2005-01-07 01:30:00,3863.0,3863.0,3861.5,3862.0
2005-01-07 01:40:00,3863.0,3863.0,3861.5,3862.0
2005-01-07 01:50:00,3863.0,3863.0,3861.5,3862.0
2005-01-07 02:00:00,3863.0,3863.0,3861.5,3862.0
2005-01-07 02:10:00,3863.0,3863.0,3861.5,3862.0
2005-01-07 02:20:00,3863.0,3863.0,3861.5,3862.0
2005-01-07 02:30:00,3863.0,3863.0,3861.5,3862.0
2005-01-07 02:40:00,3863.0,3863.0,3861.5,3862.0
2005-01-07 02:50:00,3863.0,3863.0,3861.5,3862.0
2005-01-07 03:00:00,3863.0,3863.0,3861.5,3862.0
2005-01-07 03:10:00,3863.0,3863.0,3861.5,3862.0
2005-01-07 03:20:00,3863.0,3863.0,3861.5,3862.0
2005-01-07 03:30:00,3863.0,3863.0,3861.5,3862.0
2005-01-07 03:40:00,3863.0,3863.0,3861.5,3862.0
2005-01-07 03:50:00,3863.0,3863.0,3861.5,3862.0
2005-01-07 04:00:00,3863.0,3863.0,3861.5,3862.0
2005-01-07 04:10:00,3863.0,3863.0,3861.5,3862.0
2005-01-07 04:20:00,3863.0,3863.0,3861.5,3862.0
2005-01-07 04:30:00,3863.0,3863.0,3861.5,3862.0
2005-01-07 04:40:00,3863.0,3863.0,3861.5,3862.0
2005-01-07 04:50:00,3863.0,3863.0,3861.5,3862.0
2005-01-07 05:00:00,3863.0,3863.0,3861.5,3862.0
2005-01-07 05:10:00,3863.0,3863.0,3861.5,3862.0
2005-01-07 05:20:00,3863.0,3863.0,3861.5,3862.0
2005-01-07 05:30:00,3863.0,3863.0,3861.5,3862.0
2005-01-07 05:40:00,3863.0,3863.0,3861.5,3862.0
2005-01-07 05:50:00,3863.0,3863.0,3861.5,3862.0
2005-01-07 06:00:00,3863.0,3863.0,3861.5,3862.0
2005-01-07 06:10:00,3863.0,3863.0,3861.5,3862.0
2005-01-07 06:20:00,3863.0,3863.0,3861.5,3862.0
2005-01-07 06:30:00,3863.0,3863.0,3861.5,3862.0
2005-01-07 06:40:00,3863.0,3863.0,3861.5,3862.0
2005-01-07 06:50:00,3863.0,3863.0,3861.5,3862.0
2005-01-07 07:00:00,3851.7,3853.7,3851.2,3853.7
2005-01-07 07:10:00,3852.2,3852.2,3852.2,3852.2
2005-01-07 07:20:00,3851.7,3851.7,3851.7,3851.7
2005-01-07 07:30:00,3849.7,3850.7,3849.7,3850.7
2005-01-07 07:40:00,3849.7,3849.7,3849.7,3849.7
2005-01-07 07:50:00,3849.2,3850.2,3847.7,3849.2
2005-01-07 08:00:00,3849.7,3850.2,3849.7,3849.7
2005-01-07 08:10:00,3855.2,3855.2,3853.2,3854.2
2005-01-07 08:20:00,3856.2,3856.7,3855.7,3855.7
2005-01-07 08:30:00,3851.7,3851.7,3851.7,3851.7
2005-01-07 08:40:00,3852.7,3852.7,3852.2,3852.2
2005-01-07 08:50:00,3853.7,3853.7,3853.2,3853.7
2005-01-07 09:00:00,3856.2,3857.2,3856.2,3857.2
2005-01-07 09:10:00,3856.7,3858.2,3856.7,3858.2
2005-01-07 09:20:00,3856.2,3856.2,3855.7,3855.7
2005-01-07 09:30:00,3856.2,3856.7,3856.2,3856.7
2005-01-07 09:40:00,3855.2,3855.7,3854.7,3855.2
2005-01-07 09:50:00,3854.7,3855.2,3853.7,3853.7
2005-01-07 10:00:00,3854.7,3854.7,3854.2,3854.2
2005-01-07 10:10:00,3854.2,3854.2,3854.2,3854.2
2005-01-07 10:20:00,3854.7,3855.2,3854.7,3855.2
2005-01-07 10:30:00,3856.7,3856.7,3856.7,3856.7
2005-01-07 10:40:00,3858.2,3858.2,3858.2,3858.2
2005-01-07 10:50:00,3861.2,3861.7,3860.7,3861.2
2005-01-07 11:00:00,3862.2,3862.2,3861.7,3862.2
2005-01-07 11:10:00,3861.7,3862.2,3861.7,3861.7
2005-01-07 11:20:00,3862.2,3862.2,3862.2,3862.2
2005-01-07 11:30:00,3863.7,3864.2,3862.2,3862.2
2005-01-07 11:40:00,3862.7,3862.7,3862.7,3862.7
2005-01-07 11:50:00,3863.2,3863.2,3862.7,3862.7
2005-01-07 12:00:00,3863.2,3863.2,3863.2,3863.2
2005-01-07 12:10:00,3862.2,3862.2,3862.2,3862.2
2005-01-07 12:20:00,3862.7,3862.7,3862.7,3862.7
2005-01-07 12:30:00,3861.8,3861.8,3860.8,3860.8
2005-01-07 12:40:00,3860.8,3860.8,3860.3,3860.8
2005-01-07 12:50:00,3861.3,3861.3,3861.3,3861.3
2005-01-07 13:00:00,3862.3,3862.3,3861.8,3861.8
2005-01-07 13:10:00,3859.3,3859.3,3859.3,3859.3
2005-01-07 13:20:00,3864.8,3869.3,3858.3,3858.3
2005-01-07 13:30:00,3866.8,3866.8,3862.3,3862.8
2005-01-07 13:40:00,3879.2,3880.7,3878.2,3880.7
2005-01-07 13:50:00,3878.2,3878.2,3877.3,3877.3
2005-01-07 14:00:00,3877.3,3878.8,3876.8,3878.8
2005-01-07 14:10:00,3878.8,3879.3,3878.8,3878.8
2005-01-07 14:20:00,3877.8,3878.3,3877.8,3878.3
2005-01-07 14:30:00,3876.8,3877.8,3876.3,3877.3
2005-01-07 14:40:00,3879.8,3880.3,3878.3,3878.3
2005-01-07 14:50:00,3874.8,3875.3,3873.3,3873.3
2005-01-07 15:00:00,3877.3,3877.3,3875.8,3876.3
2005-01-07 15:10:00,3878.3,3878.3,3877.3,3877.8
2005-01-07 15:20:00,3872.3,3872.8,3871.3,3871.8
2005-01-07 15:30:00,3864.3,3865.8,3863.8,3865.3
2005-01-07 15:40:00,3863.3,3863.8,3862.8,3863.3
2005-01-07 15:50:00,3863.8,3864.3,3863.8,3864.3
2005-01-07 16:00:00,3869.8,3870.8,3869.3,3869.8
2005-01-07 16:10:00,3870.3,3872.3,3869.8,3871.8
2005-01-07 16:20:00,3877.3,3877.8,3876.3,3877.3
2005-01-07 16:30:00,3877.3,3877.3,3877.3,3877.3
2005-01-07 16:40:00,3876.8,3877.8,3876.8,3877.8
2005-01-07 16:50:00,3878.3,3878.8,3876.8,3876.8
2005-01-07 17:00:00,3873.8,3873.8,3872.8,3872.8
2005-01-07 17:10:00,3873.3,3873.3,3872.8,3872.8
2005-01-07 17:20:00,3880.3,3880.3,3876.8,3876.8
2005-01-07 17:30:00,3879.8,3880.8,3879.8,3880.8
2005-01-07 17:40:00,3879.8,3879.8,3879.3,3879.3
2005-01-07 17:50:00,3879.3,3879.3,3879.3,3879.3
2005-01-07 18:00:00,3879.3,3879.8,3879.3,3879.8
2005-01-07 18:10:00,3876.8,3877.3,3876.8,3876.8
2005-01-07 18:20:00,3875.8,3875.8,3875.8,3875.8
2005-01-07 18:30:00,3873.8,3875.3,3873.8,3875.3
2005-01-07 18:40:00,3874.8,3874.8,3874.8,3874.8
2005-01-07 18:50:00,3874.8,3875.8,3874.3,3875.3
2005-01-07 19:00:00,3874.8,3875.8,3874.3,3875.3
2005-01-07 19:10:00,3874.8,3875.8,3874.3,3875.3
2005-01-07 19:20:00,3874.8,3875.8,3874.3,3875.3
2005-01-07 19:30:00,3874.8,3875.8,3874.3,3875.3
2005-01-07 19:40:00,3874.8,3875.8,3874.3,3875.3
2005-01-07 19:50:00,3874.8,3875.8,3874.3,3875.3
2005-01-07 20:00:00,3874.8,3875.8,3874.3,3875.3
2005-01-07 20:10:00,3874.8,3875.8,3874.3,3875.3
2005-01-07 20:20:00,3874.8,3875.8,3874.3,3875.3
2005-01-07 20:30:00,3874.8,3875.8,3874.3,3875.3
2005-01-07 20:40:00,3874.8,3875.8,3874.3,3875.3
2005-01-07 20:50:00,3874.8,3875.8,3874.3,3875.3
2005-01-07 21:00:00,3874.8,3875.8,3874.3,3875.3
2005-01-07 21:10:00,3874.8,3875.8,3874.3,3875.3
2005-01-07 21:20:00,3874.8,3875.8,3874.3,3875.3
2005-01-07 21:30:00,3874.8,3875.8,3874.3,3875.3
2005-01-07 21:40:00,3874.8,3875.8,3874.3,3875.3
2005-01-07 21:50:00,3874.8,3875.8,3874.3,3875.3
2005-01-07 22:00:00,3874.8,3875.8,3874.3,3875.3
2005-01-07 22:10:00,3874.8,3875.8,3874.3,3875.3
2005-01-07 22:20:00,3874.8,3875.8,3874.3,3875.3
2005-01-07 22:30:00,3874.8,3875.8,3874.3,3875.3
2005-01-07 22:40:00,3874.8,3875.8,3874.3,3875.3
2005-01-07 22:50:00,3874.8,3875.8,3874.3,3875.3
2005-01-07 23:00:00,3874.8,3875.8,3874.3,3875.3
2005-01-07 23:10:00,3874.8,3875.8,3874.3,3875.3
2005-01-07 23:20:00,3874.8,3875.8,3874.3,3875.3
2005-01-07 23:30:00,3874.8,3875.8,3874.3,3875.3
2005-01-07 23:40:00,3874.8,3875.8,3874.3,3875.3
2005-01-07 23:50:00,3874.8,3875.8,3874.3,3875.3
2005-01-08 00:00:00,3874.8,3875.8,3874.3,3875.3
2005-01-08 00:10:00,3874.8,3875.8,3874.3,3875.3
2005-01-08 00:20:00,3874.8,3875.8,3874.3,3875.3
2005-01-08 00:30:00,3874.8,3875.8,3874.3,3875.3
2005-01-08 00:40:00,3874.8,3875.8,3874.3,3875.3
2005-01-08 00:50:00,3874.8,3875.8,3874.3,3875.3
2005-01-08 01:00:00,3874.8,3875.8,3874.3,3875.3
2005-01-08 01:10:00,3874.8,3875.8,3874.3,3875.3
2005-01-08 01:20:00,3874.8,3875.8,3874.3,3875.3
2005-01-08 01:30:00,3874.8,3875.8,3874.3,3875.3
2005-01-08 01:40:00,3874.8,3875.8,3874.3,3875.3
2005-01-08 01:50:00,3874.8,3875.8,3874.3,3875.3
2005-01-08 02:00:00,3874.8,3875.8,3874.3,3875.3
2005-01-08 02:10:00,3874.8,3875.8,3874.3,3875.3
2005-01-08 02:20:00,3874.8,3875.8,3874.3,3875.3
2005-01-08 02:30:00,3874.8,3875.8,3874.3,3875.3
2005-01-08 02:40:00,3874.8,3875.8,3874.3,3875.3
2005-01-08 02:50:00,3874.8,3875.8,3874.3,3875.3
2005-01-08 03:00:00,3874.8,3875.8,3874.3,3875.3
2005-01-08 03:10:00,3874.8,3875.8,3874.3,3875.3
2005-01-08 03:20:00,3874.8,3875.8,3874.3,3875.3
2005-01-08 03:30:00,3874.8,3875.8,3874.3,3875.3
2005-01-08 03:40:00,3874.8,3875.8,3874.3,3875.3
2005-01-08 03:50:00,3874.8,3875.8,3874.3,3875.3
2005-01-08 04:00:00,3874.8,3875.8,3874.3,3875.3
2005-01-08 04:10:00,3874.8,3875.8,3874.3,3875.3
2005-01-08 04:20:00,3874.8,3875.8,3874.3,3875.3
2005-01-08 04:30:00,3874.8,3875.8,3874.3,3875.3
2005-01-08 04:40:00,3874.8,3875.8,3874.3,3875.3
2005-01-08 04:50:00,3874.8,3875.8,3874.3,3875.3
2005-01-08 05:00:00,3874.8,3875.8,3874.3,3875.3
2005-01-08 05:10:00,3874.8,3875.8,3874.3,3875.3
2005-01-08 05:20:00,3874.8,3875.8,3874.3,3875.3
2005-01-08 05:30:00,3874.8,3875.8,3874.3,3875.3
2005-01-08 05:40:00,3874.8,3875.8,3874.3,3875.3
2005-01-08 05:50:00,3874.8,3875.8,3874.3,3875.3
2005-01-08 06:00:00,3874.8,3875.8,3874.3,3875.3
2005-01-08 06:10:00,3874.8,3875.8,3874.3,3875.3
2005-01-08 06:20:00,3874.8,3875.8,3874.3,3875.3
2005-01-08 06:30:00,3874.8,3875.8,3874.3,3875.3
2005-01-08 06:40:00,3874.8,3875.8,3874.3,3875.3
2005-01-08 06:50:00,3874.8,3875.8,3874.3,3875.3
2005-01-08 07:00:00,3874.8,3875.8,3874.3,3875.3
2005-01-08 07:10:00,3874.8,3875.8,3874.3,3875.3
2005-01-08 07:20:00,3874.8,3875.8,3874.3,3875.3
2005-01-08 07:30:00,3874.8,3875.8,3874.3,3875.3
2005-01-08 07:40:00,3874.8,3875.8,3874.3,3875.3
2005-01-08 07:50:00,3874.8,3875.8,3874.3,3875.3
2005-01-08 08:00:00,3874.8,3875.8,3874.3,3875.3
2005-01-08 08:10:00,3874.8,3875.8,3874.3,3875.3
2005-01-08 08:20:00,3874.8,3875.8,3874.3,3875.3
2005-01-08 08:30:00,3874.8,3875.8,3874.3,3875.3
2005-01-08 08:40:00,3874.8,3875.8,3874.3,3875.3
2005-01-08 08:50:00,3874.8,3875.8,3874.3,3875.3
2005-01-08 09:00:00,3874.8,3875.8,3874.3,3875.3
2005-01-08 09:10:00,3874.8,3875.8,3874.3,3875.3
2005-01-08 09:20:00,3874.8,3875.8,3874.3,3875.3
2005-01-08 09:30:00,3874.8,3875.8,3874.3,3875.3
2005-01-08 09:40:00,3874.8,3875.8,3874.3,3875.3
2005-01-08 09:50:00,3874.8,3875.8,3874.3,3875.3
2005-01-08 10:00:00,3874.8,3875.8,3874.3,3875.3
2005-01-08 10:10:00,3874.8,3875.8,3874.3,3875.3
2005-01-08 10:20:00,3874.8,3875.8,3874.3,3875.3
2005-01-08 10:30:00,3874.8,3875.8,3874.3,3875.3
2005-01-08 10:40:00,3874.8,3875.8,3874.3,3875.3
2005-01-08 10:50:00,3874.8,3875.8,3874.3,3875.3
2005-01-08 11:00:00,3874.8,3875.8,3874.3,3875.3
2005-01-08 11:10:00,3874.8,3875.8,3874.3,3875.3
2005-01-08 11:20:00,3874.8,3875.8,3874.3,3875.3
2005-01-08 11:30:00,3874.8,3875.8,3874.3,3875.3
2005-01-08 11:40:00,3874.8,3875.8,3874.3,3875.3
2005-01-08 11:50:00,3874.8,3875.8,3874.3,3875.3
2005-01-08 12:00:00,3874.8,3875.8,3874.3,3875.3
2005-01-08 12:10:00,3874.8,3875.8,3874.3,3875.3
2005-01-08 12:20:00,3874.8,3875.8,3874.3,3875.3
2005-01-08 12:30:00,3874.8,3875.8,3874.3,3875.3
2005-01-08 12:40:00,3874.8,3875.8,3874.3,3875.3
2005-01-08 12:50:00,3874.8,3875.8,3874.3,3875.3
2005-01-08 13:00:00,3874.8,3875.8,3874.3,3875.3
2005-01-08 13:10:00,3874.8,3875.8,3874.3,3875.3
2005-01-08 13:20:00,3874.8,3875.8,3874.3,3875.3
2005-01-08 13:30:00,3874.8,3875.8,3874.3,3875.3
2005-01-08 13:40:00,3874.8,3875.8,3874.3,3875.3
2005-01-08 13:50:00,3874.8,3875.8,3874.3,3875.3
2005-01-08 14:00:00,3874.8,3875.8,3874.3,3875.3
2005-01-08 14:10:00,3874.8,3875.8,3874.3,3875.3
2005-01-08 14:20:00,3874.8,3875.8,3874.3,3875.3
2005-01-08 14:30:00,3874.8,3875.8,3874.3,3875.3
2005-01-08 14:40:00,3874.8,3875.8,3874.3,3875.3
2005-01-08 14:50:00,3874.8,3875.8,3874.3,3875.3
2005-01-08 15:00:00,3874.8,3875.8,3874.3,3875.3
2005-01-08 15:10:00,3874.8,3875.8,3874.3,3875.3
2005-01-08 15:20:00,3874.8,3875.8,3874.3,3875.3
2005-01-08 15:30:00,3874.8,3875.8,3874.3,3875.3
2005-01-08 15:40:00,3874.8,3875.8,3874.3,3875.3
2005-01-08 15:50:00,3874.8,3875.8,3874.3,3875.3
2005-01-08 16:00:00,3874.8,3875.8,3874.3,3875.3
2005-01-08 16:10:00,3874.8,3875.8,3874.3,3875.3
2005-01-08 16:20:00,3874.8,3875.8,3874.3,3875.3
2005-01-08 16:30:00,3874.8,3875.8,3874.3,3875.3
2005-01-08 16:40:00,3874.8,3875.8,3874.3,3875.3
2005-01-08 16:50:00,3874.8,3875.8,3874.3,3875.3
2005-01-08 17:00:00,3874.8,3875.8,3874.3,3875.3
2005-01-08 17:10:00,3874.8,3875.8,3874.3,3875.3
2005-01-08 17:20:00,3874.8,3875.8,3874.3,3875.3
2005-01-08 17:30:00,3874.8,3875.8,3874.3,3875.3
2005-01-08 17:40:00,3874.8,3875.8,3874.3,3875.3
2005-01-08 17:50:00,3874.8,3875.8,3874.3,3875.3
2005-01-08 18:00:00,3874.8,3875.8,3874.3,3875.3
2005-01-08 18:10:00,3874.8,3875.8,3874.3,3875.3
2005-01-08 18:20:00,3874.8,3875.8,3874.3,3875.3
2005-01-08 18:30:00,3874.8,3875.8,3874.3,3875.3
2005-01-08 18:40:00,3874.8,3875.8,3874.3,3875.3
2005-01-08 18:50:00,3874.8,3875.8,3874.3,3875.3
2005-01-08 19:00:00,3874.8,3875.8,3874.3,3875.3
2005-01-08 19:10:00,3874.8,3875.8,3874.3,3875.3
2005-01-08 19:20:00,3874.8,3875.8,3874.3,3875.3
2005-01-08 19:30:00,3874.8,3875.8,3874.3,3875.3
2005-01-08 19:40:00,3874.8,3875.8,3874.3,3875.3
2005-01-08 19:50:00,3874.8,3875.8,3874.3,3875.3
2005-01-08 20:00:00,3874.8,3875.8,3874.3,3875.3
2005-01-08 20:10:00,3874.8,3875.8,3874.3,3875.3
2005-01-08 20:20:00,3874.8,3875.8,3874.3,3875.3
2005-01-08 20:30:00,3874.8,3875.8,3874.3,3875.3
2005-01-08 20:40:00,3874.8,3875.8,3874.3,3875.3
2005-01-08 20:50:00,3874.8,3875.8,3874.3,3875.3
2005-01-08 21:00:00,3874.8,3875.8,3874.3,3875.3
2005-01-08 21:10:00,3874.8,3875.8,3874.3,3875.3
2005-01-08 21:20:00,3874.8,3875.8,3874.3,3875.3
2005-01-08 21:30:00,3874.8,3875.8,3874.3,3875.3
2005-01-08 21:40:00,3874.8,3875.8,3874.3,3875.3
2005-01-08 21:50:00,3874.8,3875.8,3874.3,3875.3
2005-01-08 22:00:00,3874.8,3875.8,3874.3,3875.3
2005-01-08 22:10:00,3874.8,3875.8,3874.3,3875.3
2005-01-08 22:20:00,3874.8,3875.8,3874.3,3875.3
2005-01-08 22:30:00,3874.8,3875.8,3874.3,3875.3
2005-01-08 22:40:00,3874.8,3875.8,3874.3,3875.3
2005-01-08 22:50:00,3874.8,3875.8,3874.3,3875.3
2005-01-08 23:00:00,3874.8,3875.8,3874.3,3875.3
2005-01-08 23:10:00,3874.8,3875.8,3874.3,3875.3
2005-01-08 23:20:00,3874.8,3875.8,3874.3,3875.3
2005-01-08 23:30:00,3874.8,3875.8,3874.3,3875.3
2005-01-08 23:40:00,3874.8,3875.8,3874.3,3875.3
2005-01-08 23:50:00,3874.8,3875.8,3874.3,3875.3
2005-01-09 00:00:00,3874.8,3875.8,3874.3,3875.3
2005-01-09 00:10:00,3874.8,3875.8,3874.3,3875.3
2005-01-09 00:20:00,3874.8,3875.8,3874.3,3875.3
2005-01-09 00:30:00,3874.8,3875.8,3874.3,3875.3
2005-01-09 00:40:00,3874.8,3875.8,3874.3,3875.3
2005-01-09 00:50:00,3874.8,3875.8,3874.3,3875.3
2005-01-09 01:00:00,3874.8,3875.8,3874.3,3875.3
2005-01-09 01:10:00,3874.8,3875.8,3874.3,3875.3
2005-01-09 01:20:00,3874.8,3875.8,3874.3,3875.3
2005-01-09 01:30:00,3874.8,3875.8,3874.3,3875.3
2005-01-09 01:40:00,3874.8,3875.8,3874.3,3875.3
2005-01-09 01:50:00,3874.8,3875.8,3874.3,3875.3
2005-01-09 02:00:00,3874.8,3875.8,3874.3,3875.3
2005-01-09 02:10:00,3874.8,3875.8,3874.3,3875.3
2005-01-09 02:20:00,3874.8,3875.8,3874.3,3875.3
2005-01-09 02:30:00,3874.8,3875.8,3874.3,3875.3
2005-01-09 02:40:00,3874.8,3875.8,3874.3,3875.3
2005-01-09 02:50:00,3874.8,3875.8,3874.3,3875.3
2005-01-09 03:00:00,3874.8,3875.8,3874.3,3875.3
2005-01-09 03:10:00,3874.8,3875.8,3874.3,3875.3
2005-01-09 03:20:00,3874.8,3875.8,3874.3,3875.3
2005-01-09 03:30:00,3874.8,3875.8,3874.3,3875.3
2005-01-09 03:40:00,3874.8,3875.8,3874.3,3875.3
2005-01-09 03:50:00,3874.8,3875.8,3874.3,3875.3
2005-01-09 04:00:00,3874.8,3875.8,3874.3,3875.3
2005-01-09 04:10:00,3874.8,3875.8,3874.3,3875.3
2005-01-09 04:20:00,3874.8,3875.8,3874.3,3875.3
2005-01-09 04:30:00,3874.8,3875.8,3874.3,3875.3
2005-01-09 04:40:00,3874.8,3875.8,3874.3,3875.3
2005-01-09 04:50:00,3874.8,3875.8,3874.3,3875.3
2005-01-09 05:00:00,3874.8,3875.8,3874.3,3875.3
2005-01-09 05:10:00,3874.8,3875.8,3874.3,3875.3
2005-01-09 05:20:00,3874.8,3875.8,3874.3,3875.3
2005-01-09 05:30:00,3874.8,3875.8,3874.3,3875.3
2005-01-09 05:40:00,3874.8,3875.8,3874.3,3875.3
2005-01-09 05:50:00,3874.8,3875.8,3874.3,3875.3
2005-01-09 06:00:00,3874.8,3875.8,3874.3,3875.3
2005-01-09 06:10:00,3874.8,3875.8,3874.3,3875.3
2005-01-09 06:20:00,3874.8,3875.8,3874.3,3875.3
2005-01-09 06:30:00,3874.8,3875.8,3874.3,3875.3
2005-01-09 06:40:00,3874.8,3875.8,3874.3,3875.3
2005-01-09 06:50:00,3874.8,3875.8,3874.3,3875.3
2005-01-09 07:00:00,3874.8,3875.8,3874.3,3875.3
2005-01-09 07:10:00,3874.8,3875.8,3874.3,3875.3
2005-01-09 07:20:00,3874.8,3875.8,3874.3,3875.3
2005-01-09 07:30:00,3874.8,3875.8,3874.3,3875.3
2005-01-09 07:40:00,3874.8,3875.8,3874.3,3875.3
2005-01-09 07:50:00,3874.8,3875.8,3874.3,3875.3
2005-01-09 08:00:00,3874.8,3875.8,3874.3,3875.3
2005-01-09 08:10:00,3874.8,3875.8,3874.3,3875.3
2005-01-09 08:20:00,3874.8,3875.8,3874.3,3875.3
2005-01-09 08:30:00,3874.8,3875.8,3874.3,3875.3
2005-01-09 08:40:00,3874.8,3875.8,3874.3,3875.3
2005-01-09 08:50:00,3874.8,3875.8,3874.3,3875.3
2005-01-09 09:00:00,3874.8,3875.8,3874.3,3875.3
2005-01-09 09:10:00,3874.8,3875.8,3874.3,3875.3
2005-01-09 09:20:00,3874.8,3875.8,3874.3,3875.3
2005-01-09 09:30:00,3874.8,3875.8,3874.3,3875.3
2005-01-09 09:40:00,3874.8,3875.8,3874.3,3875.3
2005-01-09 09:50:00,3874.8,3875.8,3874.3,3875.3
2005-01-09 10:00:00,3874.8,3875.8,3874.3,3875.3
2005-01-09 10:10:00,3874.8,3875.8,3874.3,3875.3
2005-01-09 10:20:00,3874.8,3875.8,3874.3,3875.3
2005-01-09 10:30:00,3874.8,3875.8,3874.3,3875.3
2005-01-09 10:40:00,3874.8,3875.8,3874.3,3875.3
2005-01-09 10:50:00,3874.8,3875.8,3874.3,3875.3
2005-01-09 11:00:00,3874.8,3875.8,3874.3,3875.3
2005-01-09 11:10:00,3874.8,3875.8,3874.3,3875.3
2005-01-09 11:20:00,3874.8,3875.8,3874.3,3875.3
2005-01-09 11:30:00,3874.8,3875.8,3874.3,3875.3
2005-01-09 11:40:00,3874.8,3875.8,3874.3,3875.3
2005-01-09 11:50:00,3874.8,3875.8,3874.3,3875.3
2005-01-09 12:00:00,3874.8,3875.8,3874.3,3875.3
2005-01-09 12:10:00,3874.8,3875.8,3874.3,3875.3
2005-01-09 12:20:00,3874.8,3875.8,3874.3,3875.3
2005-01-09 12:30:00,3874.8,3875.8,3874.3,3875.3
2005-01-09 12:40:00,3874.8,3875.8,3874.3,3875.3
2005-01-09 12:50:00,3874.8,3875.8,3874.3,3875.3
2005-01-09 13:00:00,3874.8,3875.8,3874.3,3875.3
2005-01-09 13:10:00,3874.8,3875.8,3874.3,3875.3
2005-01-09 13:20:00,3874.8,3875.8,3874.3,3875.3
2005-01-09 13:30:00,3874.8,3875.8,3874.3,3875.3
2005-01-09 13:40:00,3874.8,3875.8,3874.3,3875.3
2005-01-09 13:50:00,3874.8,3875.8,3874.3,3875.3
2005-01-09 14:00:00,3874.8,3875.8,3874.3,3875.3
2005-01-09 14:10:00,3874.8,3875.8,3874.3,3875.3
2005-01-09 14:20:00,3874.8,3875.8,3874.3,3875.3
2005-01-09 14:30:00,3874.8,3875.8,3874.3,3875.3
2005-01-09 14:40:00,3874.8,3875.8,3874.3,3875.3
2005-01-09 14:50:00,3874.8,3875.8,3874.3,3875.3
2005-01-09 15:00:00,3874.8,3875.8,3874.3,3875.3
2005-01-09 15:10:00,3874.8,3875.8,3874.3,3875.3
2005-01-09 15:20:00,3874.8,3875.8,3874.3,3875.3
2005-01-09 15:30:00,3874.8,3875.8,3874.3,3875.3
2005-01-09 15:40:00,3874.8,3875.8,3874.3,3875.3
2005-01-09 15:50:00,3874.8,3875.8,3874.3,3875.3
2005-01-09 16:00:00,3874.8,3875.8,3874.3,3875.3
2005-01-09 16:10:00,3874.8,3875.8,3874.3,3875.3
2005-01-09 16:20:00,3874.8,3875.8,3874.3,3875.3
2005-01-09 16:30:00,3874.8,3875.8,3874.3,3875.3
2005-01-09 16:40:00,3874.8,3875.8,3874.3,3875.3
2005-01-09 16:50:00,3874.8,3875.8,3874.3,3875.3
2005-01-09 17:00:00,3874.8,3875.8,3874.3,3875.3
2005-01-09 17:10:00,3874.8,3875.8,3874.3,3875.3
2005-01-09 17:20:00,3874.8,3875.8,3874.3,3875.3
2005-01-09 17:30:00,3874.8,3875.8,3874.3,3875.3
2005-01-09 17:40:00,3874.8,3875.8,3874.3,3875.3
2005-01-09 17:50:00,3874.8,3875.8,3874.3,3875.3
2005-01-09 18:00:00,3874.8,3875.8,3874.3,3875.3
2005-01-09 18:10:00,3874.8,3875.8,3874.3,3875.3
2005-01-09 18:20:00,3874.8,3875.8,3874.3,3875.3
2005-01-09 18:30:00,3874.8,3875.8,3874.3,3875.3
2005-01-09 18:40:00,3874.8,3875.8,3874.3,3875.3
2005-01-09 18:50:00,3874.8,3875.8,3874.3,3875.3
2005-01-09 19:00:00,3874.8,3875.8,3874.3,3875.3
2005-01-09 19:10:00,3874.8,3875.8,3874.3,3875.3
2005-01-09 19:20:00,3874.8,3875.8,3874.3,3875.3
2005-01-09 19:30:00,3874.8,3875.8,3874.3,3875.3
2005-01-09 19:40:00,3874.8,3875.8,3874.3,3875.3
2005-01-09 19:50:00,3874.8,3875.8,3874.3,3875.3
2005-01-09 20:00:00,3874.8,3875.8,3874.3,3875.3
2005-01-09 20:10:00,3874.8,3875.8,3874.3,3875.3
2005-01-09 20:20:00,3874.8,3875.8,3874.3,3875.3
2005-01-09 20:30:00,3874.8,3875.8,3874.3,3875.3
2005-01-09 20:40:00,3874.8,3875.8,3874.3,3875.3
2005-01-09 20:50:00,3874.8,3875.8,3874.3,3875.3
2005-01-09 21:00:00,3874.8,3875.8,3874.3,3875.3
2005-01-09 21:10:00,3874.8,3875.8,3874.3,3875.3
2005-01-09 21:20:00,3874.8,3875.8,3874.3,3875.3
2005-01-09 21:30:00,3874.8,3875.8,3874.3,3875.3
2005-01-09 21:40:00,3874.8,3875.8,3874.3,3875.3
2005-01-09 21:50:00,3874.8,3875.8,3874.3,3875.3
2005-01-09 22:00:00,3874.8,3875.8,3874.3,3875.3
2005-01-09 22:10:00,3874.8,3875.8,3874.3,3875.3
2005-01-09 22:20:00,3874.8,3875.8,3874.3,3875.3
2005-01-09 22:30:00,3874.8,3875.8,3874.3,3875.3
2005-01-09 22:40:00,3874.8,3875.8,3874.3,3875.3
2005-01-09 22:50:00,3874.8,3875.8,3874.3,3875.3
2005-01-09 23:00:00,3874.8,3875.8,3874.3,3875.3
2005-01-09 23:10:00,3874.8,3875.8,3874.3,3875.3
2005-01-09 23:20:00,3874.8,3875.8,3874.3,3875.3
2005-01-09 23:30:00,3874.8,3875.8,3874.3,3875.3
2005-01-09 23:40:00,3874.8,3875.8,3874.3,3875.3
2005-01-09 23:50:00,3874.8,3875.8,3874.3,3875.3
2005-01-10 00:00:00,3874.8,3875.8,3874.3,3875.3
2005-01-10 00:10:00,3874.8,3875.8,3874.3,3875.3
2005-01-10 00:20:00,3874.8,3875.8,3874.3,3875.3
2005-01-10 00:30:00,3874.8,3875.8,3874.3,3875.3
2005-01-10 00:40:00,3874.8,3875.8,3874.3,3875.3
2005-01-10 00:50:00,3874.8,3875.8,3874.3,3875.3
2005-01-10 01:00:00,3874.8,3875.8,3874.3,3875.3
2005-01-10 01:10:00,3874.8,3875.8,3874.3,3875.3
2005-01-10 01:20:00,3874.8,3875.8,3874.3,3875.3
2005-01-10 01:30:00,3874.8,3875.8,3874.3,3875.3
2005-01-10 01:40:00,3874.8,3875.8,3874.3,3875.3
2005-01-10 01:50:00,3874.8,3875.8,3874.3,3875.3
2005-01-10 02:00:00,3874.8,3875.8,3874.3,3875.3
2005-01-10 02:10:00,3874.8,3875.8,3874.3,3875.3
2005-01-10 02:20:00,3874.8,3875.8,3874.3,3875.3
2005-01-10 02:30:00,3874.8,3875.8,3874.3,3875.3
2005-01-10 02:40:00,3874.8,3875.8,3874.3,3875.3
2005-01-10 02:50:00,3874.8,3875.8,3874.3,3875.3
2005-01-10 03:00:00,3874.8,3875.8,3874.3,3875.3
2005-01-10 03:10:00,3874.8,3875.8,3874.3,3875.3
2005-01-10 03:20:00,3874.8,3875.8,3874.3,3875.3
2005-01-10 03:30:00,3874.8,3875.8,3874.3,3875.3
2005-01-10 03:40:00,3874.8,3875.8,3874.3,3875.3
2005-01-10 03:50:00,3874.8,3875.8,3874.3,3875.3
2005-01-10 04:00:00,3874.8,3875.8,3874.3,3875.3
2005-01-10 04:10:00,3874.8,3875.8,3874.3,3875.3
2005-01-10 04:20:00,3874.8,3875.8,3874.3,3875.3
2005-01-10 04:30:00,3874.8,3875.8,3874.3,3875.3
2005-01-10 04:40:00,3874.8,3875.8,3874.3,3875.3
2005-01-10 04:50:00,3874.8,3875.8,3874.3,3875.3
2005-01-10 05:00:00,3874.8,3875.8,3874.3,3875.3
2005-01-10 05:10:00,3874.8,3875.8,3874.3,3875.3
2005-01-10 05:20:00,3874.8,3875.8,3874.3,3875.3
2005-01-10 05:30:00,3874.8,3875.8,3874.3,3875.3
2005-01-10 05:40:00,3874.8,3875.8,3874.3,3875.3
2005-01-10 05:50:00,3874.8,3875.8,3874.3,3875.3
2005-01-10 06:00:00,3874.8,3875.8,3874.3,3875.3
2005-01-10 06:10:00,3874.8,3875.8,3874.3,3875.3
2005-01-10 06:20:00,3874.8,3875.8,3874.3,3875.3
2005-01-10 06:30:00,3874.8,3875.8,3874.3,3875.3
2005-01-10 06:40:00,3874.8,3875.8,3874.3,3875.3
2005-01-10 06:50:00,3874.8,3875.8,3874.3,3875.3
2005-01-10 07:00:00,3872.6,3872.6,3872.6,3872.6
2005-01-10 07:10:00,3873.6,3873.6,3873.6,3873.6
2005-01-10 07:20:00,3873.6,3873.6,3873.6,3873.6
2005-01-10 07:30:00,3874.6,3874.6,3874.1,3874.1
2005-01-10 07:40:00,3872.6,3872.6,3872.6,3872.6
2005-01-10 07:50:00,3875.6,3876.1,3874.6,3875.6
2005-01-10 08:00:00,3877.1,3878.1,3877.1,3877.6
2005-01-10 08:10:00,3879.1,3879.6,3879.1,3879.6
2005-01-10 08:20:00,3879.6,3880.1,3879.1,3880.1
2005-01-10 08:30:00,3882.1,3882.6,3881.6,3881.6
2005-01-10 08:40:00,3883.1,3883.6,3882.6,3883.1
2005-01-10 08:50:00,3876.1,3878.6,3875.6,3878.6
2005-01-10 09:00:00,3874.6,3875.6,3873.6,3874.1
2005-01-10 09:10:00,3873.6,3874.1,3873.6,3873.6
2005-01-10 09:20:00,3875.6,3875.6,3875.6,3875.6
2005-01-10 09:30:00,3874.1,3874.1,3873.6,3873.6
2005-01-10 09:40:00,3865.6,3868.6,3865.6,3868.6
2005-01-10 09:50:00,3865.1,3865.1,3864.1,3864.1
2005-01-10 10:00:00,3864.6,3865.1,3864.6,3864.6
2005-01-10 10:10:00,3858.6,3862.6,3858.6,3862.6
2005-01-10 10:20:00,3861.1,3861.6,3861.1,3861.6
2005-01-10 10:30:00,3863.1,3863.1,3862.6,3862.6
2005-01-10 10:40:00,3864.1,3864.1,3864.1,3864.1
2005-01-10 10:50:00,3862.1,3862.6,3862.1,3862.6
2005-01-10 11:00:00,3862.1,3862.1,3861.6,3861.6
2005-01-10 11:10:00,3860.1,3860.1,3860.1,3860.1
2005-01-10 11:20:00,3862.1,3862.1,3861.1,3861.6
2005-01-10 11:30:00,3863.1,3863.1,3863.1,3863.1
2005-01-10 11:40:00,3862.1,3862.6,3862.1,3862.6
2005-01-10 11:50:00,3864.1,3864.6,3864.1,3864.1
2005-01-10 12:00:00,3864.1,3864.1,3864.1,3864.1
2005-01-10 12:10:00,3864.6,3864.6,3864.1,3864.1
2005-01-10 12:20:00,3864.2,3864.2,3864.2,3864.2
2005-01-10 12:30:00,3863.2,3864.2,3863.2,3864.2
2005-01-10 12:40:00,3862.2,3862.7,3861.7,3862.2
2005-01-10 12:50:00,3861.7,3862.2,3861.7,3861.7
2005-01-10 13:00:00,3864.2,3864.7,3864.2,3864.7
2005-01-10 13:10:00,3864.7,3865.2,3864.7,3864.7
2005-01-10 13:20:00,3864.7,3864.7,3864.7,3864.7
2005-01-10 13:30:00,3865.2,3865.2,3865.2,3865.2
2005-01-10 13:40:00,3867.7,3868.7,3867.7,3867.7
2005-01-10 13:50:00,3865.7,3865.7,3865.7,3865.7
2005-01-10 14:00:00,3865.2,3865.2,3865.2,3865.2
2005-01-10 14:10:00,3863.2,3863.7,3863.2,3863.2
2005-01-10 14:20:00,3863.2,3864.2,3863.2,3864.2
2005-01-10 14:30:00,3864.7,3865.7,3864.7,3865.7
2005-01-10 14:40:00,3865.7,3866.7,3864.2,3866.7
2005-01-10 14:50:00,3869.2,3869.2,3868.2,3868.2
2005-01-10 15:00:00,3866.2,3866.7,3864.7,3866.2
2005-01-10 15:10:00,3872.2,3873.7,3871.2,3871.2
2005-01-10 15:20:00,3876.7,3877.2,3876.2,3876.7
2005-01-10 15:30:00,3878.7,3879.2,3877.2,3877.7
2005-01-10 15:40:00,3877.2,3878.2,3877.2,3878.2
2005-01-10 15:50:00,3874.7,3874.7,3873.7,3873.7
2005-01-10 16:00:00,3877.2,3878.2,3877.2,3877.7
2005-01-10 16:10:00,3877.2,3877.2,3876.2,3877.2
2005-01-10 16:20:00,3876.7,3876.7,3876.2,3876.7
2005-01-10 16:30:00,3874.7,3875.7,3874.7,3875.7
2005-01-10 16:40:00,3874.2,3874.2,3874.2,3874.2
2005-01-10 16:50:00,3875.7,3876.2,3875.7,3875.7
2005-01-10 17:00:00,3877.7,3877.7,3877.7,3877.7
2005-01-10 17:10:00,3874.7,3874.7,3874.7,3874.7
2005-01-10 17:20:00,3877.2,3877.2,3877.2,3877.2
2005-01-10 17:30:00,3877.7,3878.2,3877.7,3878.2
2005-01-10 17:40:00,3876.7,3876.7,3876.7,3876.7
2005-01-10 17:50:00,3877.2,3877.7,3877.2,3877.7
2005-01-10 18:00:00,3878.7,3878.7,3876.7,3876.7
2005-01-10 18:10:00,3880.7,3880.7,3880.7,3880.7
2005-01-10 18:20:00,3881.2,3881.2,3881.2,3881.2
2005-01-10 18:30:00,3881.7,3881.7,3881.7,3881.7
2005-01-10 18:40:00,3881.7,3881.7,3881.7,3881.7
2005-01-10 18:50:00,3881.7,3881.7,3880.7,3881.2
2005-01-10 19:00:00,3881.7,3881.7,3880.7,3881.2
2005-01-10 19:10:00,3881.7,3881.7,3880.7,3881.2
2005-01-10 19:20:00,3881.7,3881.7,3880.7,3881.2
2005-01-10 19:30:00,3881.7,3881.7,3880.7,3881.2
2005-01-10 19:40:00,3881.7,3881.7,3880.7,3881.2
2005-01-10 19:50:00,3881.7,3881.7,3880.7,3881.2
2005-01-10 20:00:00,3881.7,3881.7,3880.7,3881.2
2005-01-10 20:10:00,3881.7,3881.7,3880.7,3881.2
2005-01-10 20:20:00,3881.7,3881.7,3880.7,3881.2
2005-01-10 20:30:00,3881.7,3881.7,3880.7,3881.2
2005-01-10 20:40:00,3881.7,3881.7,3880.7,3881.2
2005-01-10 20:50:00,3881.7,3881.7,3880.7,3881.2
2005-01-10 21:00:00,3881.7,3881.7,3880.7,3881.2
2005-01-10 21:10:00,3881.7,3881.7,3880.7,3881.2
2005-01-10 21:20:00,3881.7,3881.7,3880.7,3881.2
2005-01-10 21:30:00,3881.7,3881.7,3880.7,3881.2
2005-01-10 21:40:00,3881.7,3881.7,3880.7,3881.2
2005-01-10 21:50:00,3881.7,3881.7,3880.7,3881.2
2005-01-10 22:00:00,3881.7,3881.7,3880.7,3881.2
2005-01-10 22:10:00,3881.7,3881.7,3880.7,3881.2
2005-01-10 22:20:00,3881.7,3881.7,3880.7,3881.2
2005-01-10 22:30:00,3881.7,3881.7,3880.7,3881.2
2005-01-10 22:40:00,3881.7,3881.7,3880.7,3881.2
2005-01-10 22:50:00,3881.7,3881.7,3880.7,3881.2
2005-01-10 23:00:00,3881.7,3881.7,3880.7,3881.2
2005-01-10 23:10:00,3881.7,3881.7,3880.7,3881.2
2005-01-10 23:20:00,3881.7,3881.7,3880.7,3881.2
2005-01-10 23:30:00,3881.7,3881.7,3880.7,3881.2
2005-01-10 23:40:00,3881.7,3881.7,3880.7,3881.2
2005-01-10 23:50:00,3881.7,3881.7,3880.7,3881.2
2005-01-11 00:00:00,3881.7,3881.7,3880.7,3881.2
2005-01-11 00:10:00,3881.7,3881.7,3880.7,3881.2
2005-01-11 00:20:00,3881.7,3881.7,3880.7,3881.2
2005-01-11 00:30:00,3881.7,3881.7,3880.7,3881.2
2005-01-11 00:40:00,3881.7,3881.7,3880.7,3881.2
2005-01-11 00:50:00,3881.7,3881.7,3880.7,3881.2
2005-01-11 01:00:00,3881.7,3881.7,3880.7,3881.2
2005-01-11 01:10:00,3881.7,3881.7,3880.7,3881.2
2005-01-11 01:20:00,3881.7,3881.7,3880.7,3881.2
2005-01-11 01:30:00,3881.7,3881.7,3880.7,3881.2
2005-01-11 01:40:00,3881.7,3881.7,3880.7,3881.2
2005-01-11 01:50:00,3881.7,3881.7,3880.7,3881.2
2005-01-11 02:00:00,3881.7,3881.7,3880.7,3881.2
2005-01-11 02:10:00,3881.7,3881.7,3880.7,3881.2
2005-01-11 02:20:00,3881.7,3881.7,3880.7,3881.2
2005-01-11 02:30:00,3881.7,3881.7,3880.7,3881.2
2005-01-11 02:40:00,3881.7,3881.7,3880.7,3881.2
2005-01-11 02:50:00,3881.7,3881.7,3880.7,3881.2
2005-01-11 03:00:00,3881.7,3881.7,3880.7,3881.2
2005-01-11 03:10:00,3881.7,3881.7,3880.7,3881.2
2005-01-11 03:20:00,3881.7,3881.7,3880.7,3881.2
2005-01-11 03:30:00,3881.7,3881.7,3880.7,3881.2
2005-01-11 03:40:00,3881.7,3881.7,3880.7,3881.2
2005-01-11 03:50:00,3881.7,3881.7,3880.7,3881.2
2005-01-11 04:00:00,3881.7,3881.7,3880.7,3881.2
2005-01-11 04:10:00,3881.7,3881.7,3880.7,3881.2
2005-01-11 04:20:00,3881.7,3881.7,3880.7,3881.2
2005-01-11 04:30:00,3881.7,3881.7,3880.7,3881.2
2005-01-11 04:40:00,3881.7,3881.7,3880.7,3881.2
2005-01-11 04:50:00,3881.7,3881.7,3880.7,3881.2
2005-01-11 05:00:00,3881.7,3881.7,3880.7,3881.2
2005-01-11 05:10:00,3881.7,3881.7,3880.7,3881.2
2005-01-11 05:20:00,3881.7,3881.7,3880.7,3881.2
2005-01-11 05:30:00,3881.7,3881.7,3880.7,3881.2
2005-01-11 05:40:00,3881.7,3881.7,3880.7,3881.2
2005-01-11 05:50:00,3881.7,3881.7,3880.7,3881.2
2005-01-11 06:00:00,3881.7,3881.7,3880.7,3881.2
2005-01-11 06:10:00,3881.7,3881.7,3880.7,3881.2
2005-01-11 06:20:00,3881.7,3881.7,3880.7,3881.2
2005-01-11 06:30:00,3881.7,3881.7,3880.7,3881.2
2005-01-11 06:40:00,3881.7,3881.7,3880.7,3881.2
2005-01-11 06:50:00,3881.7,3881.7,3880.7,3881.2
2005-01-11 07:00:00,3874.9,3875.9,3874.9,3875.9
2005-01-11 07:10:00,3875.4,3878.4,3875.4,3878.4
2005-01-11 07:20:00,3877.9,3877.9,3877.9,3877.9
2005-01-11 07:30:00,3876.9,3876.9,3876.9,3876.9
2005-01-11 07:40:00,3878.4,3878.4,3878.4,3878.4
2005-01-11 07:50:00,3880.9,3881.9,3876.4,3876.9
2005-01-11 08:00:00,3880.9,3881.4,3879.9,3879.9
2005-01-11 08:10:00,3881.9,3881.9,3879.9,3879.9
2005-01-11 08:20:00,3881.9,3882.4,3881.9,3881.9
2005-01-11 08:30:00,3879.9,3879.9,3878.9,3879.4
2005-01-11 08:40:00,3880.4,3881.9,3880.4,3881.9
2005-01-11 08:50:00,3880.9,3881.4,3880.4,3881.4
2005-01-11 09:00:00,3877.4,3877.4,3876.4,3876.4
2005-01-11 09:10:00,3877.4,3878.4,3877.4,3878.4
2005-01-11 09:20:00,3869.9,3870.9,3869.9,3870.4
2005-01-11 09:30:00,3862.4,3865.9,3862.4,3865.9
2005-01-11 09:40:00,3859.9,3859.9,3859.4,3859.9
2005-01-11 09:50:00,3859.9,3859.9,3858.4,3858.9
2005-01-11 10:00:00,3856.9,3856.9,3854.9,3855.4
2005-01-11 10:10:00,3856.4,3856.9,3855.9,3855.9
2005-01-11 10:20:00,3856.4,3856.4,3855.9,3856.4
2005-01-11 10:30:00,3855.9,3855.9,3855.4,3855.9
2005-01-11 10:40:00,3857.4,3857.4,3855.9,3855.9
2005-01-11 10:50:00,3854.9,3854.9,3854.9,3854.9
2005-01-11 11:00:00,3853.9,3853.9,3853.9,3853.9
2005-01-11 11:10:00,3853.9,3854.4,3853.9,3854.4
2005-01-11 11:20:00,3853.4,3853.4,3853.4,3853.4
2005-01-11 11:30:00,3854.0,3854.0,3854.0,3854.0
2005-01-11 11:40:00,3849.0,3849.0,3848.5,3849.0
2005-01-11 11:50:00,3847.0,3847.0,3846.0,3846.0
2005-01-11 12:00:00,3846.0,3847.0,3846.0,3846.5
2005-01-11 12:10:00,3847.5,3847.5,3847.5,3847.5
2005-01-11 12:20:00,3849.0,3849.0,3848.5,3849.0
2005-01-11 12:30:00,3848.5,3848.5,3848.0,3848.0
2005-01-11 12:40:00,3848.5,3848.5,3848.0,3848.0
2005-01-11 12:50:00,3849.5,3850.0,3849.5,3849.5
2005-01-11 13:00:00,3847.0,3847.0,3846.5,3846.5
2005-01-11 13:10:00,3847.5,3847.5,3847.5,3847.5
2005-01-11 13:20:00,3846.5,3846.5,3846.0,3846.5
2005-01-11 13:30:00,3847.0,3847.0,3847.0,3847.0
2005-01-11 13:40:00,3844.0,3844.0,3843.5,3843.5
2005-01-11 13:50:00,3844.5,3844.5,3843.5,3843.5
2005-01-11 14:00:00,3843.0,3843.0,3842.0,3842.5
2005-01-11 14:10:00,3847.0,3848.0,3847.0,3847.5
2005-01-11 14:20:00,3848.5,3849.0,3848.0,3849.0
2005-01-11 14:30:00,3845.5,3845.5,3844.0,3844.5
2005-01-11 14:40:00,3843.0,3843.0,3841.5,3842.5
2005-01-11 14:50:00,3846.5,3846.5,3845.0,3845.0
2005-01-11 15:00:00,3844.5,3845.0,3843.0,3843.0
2005-01-11 15:10:00,3843.0,3843.0,3841.0,3841.0
2005-01-11 15:20:00,3847.5,3848.0,3847.0,3848.0
2005-01-11 15:30:00,3846.0,3846.0,3843.5,3843.5
2005-01-11 15:40:00,3845.0,3845.5,3844.5,3845.0
2005-01-11 15:50:00,3845.0,3845.5,3844.5,3844.5
2005-01-11 16:00:00,3848.0,3849.5,3847.5,3848.5
2005-01-11 16:10:00,3847.0,3847.5,3846.5,3847.0
2005-01-11 16:20:00,3849.0,3850.5,3848.0,3849.5
2005-01-11 16:30:00,3849.5,3850.5,3849.5,3850.5
2005-01-11 16:40:00,3850.0,3850.0,3849.0,3850.0
2005-01-11 16:50:00,3847.5,3847.5,3846.0,3846.0
2005-01-11 17:00:00,3843.0,3843.0,3843.0,3843.0
2005-01-11 17:10:00,3833.5,3834.0,3833.5,3834.0
2005-01-11 17:20:00,3833.5,3834.5,3833.5,3834.5
2005-01-11 17:30:00,3834.5,3834.5,3834.5,3834.5
2005-01-11 17:40:00,3832.0,3833.5,3831.5,3833.5
2005-01-11 17:50:00,3830.0,3830.0,3830.0,3830.0
2005-01-11 18:00:00,3829.1,3829.1,3829.1,3829.1
2005-01-11 18:10:00,3831.6,3831.6,3831.6,3831.6
2005-01-11 18:20:00,3833.6,3834.1,3833.6,3834.1
2005-01-11 18:30:00,3834.1,3834.1,3834.1,3834.1
2005-01-11 18:40:00,3833.1,3834.1,3833.1,3834.1
2005-01-11 18:50:00,3838.1,3839.1,3837.1,3838.6
2005-01-11 19:00:00,3838.1,3839.1,3837.1,3838.6
2005-01-11 19:10:00,3838.1,3839.1,3837.1,3838.6
2005-01-11 19:20:00,3838.1,3839.1,3837.1,3838.6
2005-01-11 19:30:00,3838.1,3839.1,3837.1,3838.6
2005-01-11 19:40:00,3838.1,3839.1,3837.1,3838.6
2005-01-11 19:50:00,3838.1,3839.1,3837.1,3838.6
2005-01-11 20:00:00,3838.1,3839.1,3837.1,3838.6
2005-01-11 20:10:00,3838.1,3839.1,3837.1,3838.6
2005-01-11 20:20:00,3838.1,3839.1,3837.1,3838.6
2005-01-11 20:30:00,3838.1,3839.1,3837.1,3838.6
2005-01-11 20:40:00,3838.1,3839.1,3837.1,3838.6
2005-01-11 20:50:00,3838.1,3839.1,3837.1,3838.6
2005-01-11 21:00:00,3838.1,3839.1,3837.1,3838.6
2005-01-11 21:10:00,3838.1,3839.1,3837.1,3838.6
2005-01-11 21:20:00,3838.1,3839.1,3837.1,3838.6
2005-01-11 21:30:00,3838.1,3839.1,3837.1,3838.6
2005-01-11 21:40:00,3838.1,3839.1,3837.1,3838.6
2005-01-11 21:50:00,3838.1,3839.1,3837.1,3838.6
2005-01-11 22:00:00,3838.1,3839.1,3837.1,3838.6
2005-01-11 22:10:00,3838.1,3839.1,3837.1,3838.6
2005-01-11 22:20:00,3838.1,3839.1,3837.1,3838.6
2005-01-11 22:30:00,3838.1,3839.1,3837.1,3838.6
2005-01-11 22:40:00,3838.1,3839.1,3837.1,3838.6
2005-01-11 22:50:00,3838.1,3839.1,3837.1,3838.6
2005-01-11 23:00:00,3838.1,3839.1,3837.1,3838.6
2005-01-11 23:10:00,3838.1,3839.1,3837.1,3838.6
2005-01-11 23:20:00,3838.1,3839.1,3837.1,3838.6
2005-01-11 23:30:00,3838.1,3839.1,3837.1,3838.6
2005-01-11 23:40:00,3838.1,3839.1,3837.1,3838.6
2005-01-11 23:50:00,3838.1,3839.1,3837.1,3838.6
2005-01-12 00:00:00,3838.1,3839.1,3837.1,3838.6
2005-01-12 00:10:00,3838.1,3839.1,3837.1,3838.6
2005-01-12 00:20:00,3838.1,3839.1,3837.1,3838.6
2005-01-12 00:30:00,3838.1,3839.1,3837.1,3838.6
2005-01-12 00:40:00,3838.1,3839.1,3837.1,3838.6
2005-01-12 00:50:00,3838.1,3839.1,3837.1,3838.6
2005-01-12 01:00:00,3838.1,3839.1,3837.1,3838.6
2005-01-12 01:10:00,3838.1,3839.1,3837.1,3838.6
2005-01-12 01:20:00,3838.1,3839.1,3837.1,3838.6
2005-01-12 01:30:00,3838.1,3839.1,3837.1,3838.6
2005-01-12 01:40:00,3838.1,3839.1,3837.1,3838.6
2005-01-12 01:50:00,3838.1,3839.1,3837.1,3838.6
2005-01-12 02:00:00,3838.1,3839.1,3837.1,3838.6
2005-01-12 02:10:00,3838.1,3839.1,3837.1,3838.6
2005-01-12 02:20:00,3838.1,3839.1,3837.1,3838.6
2005-01-12 02:30:00,3838.1,3839.1,3837.1,3838.6
2005-01-12 02:40:00,3838.1,3839.1,3837.1,3838.6
2005-01-12 02:50:00,3838.1,3839.1,3837.1,3838.6
2005-01-12 03:00:00,3838.1,3839.1,3837.1,3838.6
2005-01-12 03:10:00,3838.1,3839.1,3837.1,3838.6
2005-01-12 03:20:00,3838.1,3839.1,3837.1,3838.6
2005-01-12 03:30:00,3838.1,3839.1,3837.1,3838.6
2005-01-12 03:40:00,3838.1,3839.1,3837.1,3838.6
2005-01-12 03:50:00,3838.1,3839.1,3837.1,3838.6
2005-01-12 04:00:00,3838.1,3839.1,3837.1,3838.6
2005-01-12 04:10:00,3838.1,3839.1,3837.1,3838.6
2005-01-12 04:20:00,3838.1,3839.1,3837.1,3838.6
2005-01-12 04:30:00,3838.1,3839.1,3837.1,3838.6
2005-01-12 04:40:00,3838.1,3839.1,3837.1,3838.6
2005-01-12 04:50:00,3838.1,3839.1,3837.1,3838.6
2005-01-12 05:00:00,3838.1,3839.1,3837.1,3838.6
2005-01-12 05:10:00,3838.1,3839.1,3837.1,3838.6
2005-01-12 05:20:00,3838.1,3839.1,3837.1,3838.6
2005-01-12 05:30:00,3838.1,3839.1,3837.1,3838.6
2005-01-12 05:40:00,3838.1,3839.1,3837.1,3838.6
2005-01-12 05:50:00,3838.1,3839.1,3837.1,3838.6
2005-01-12 06:00:00,3838.1,3839.1,3837.1,3838.6
2005-01-12 06:10:00,3838.1,3839.1,3837.1,3838.6
2005-01-12 06:20:00,3838.1,3839.1,3837.1,3838.6
2005-01-12 06:30:00,3838.1,3839.1,3837.1,3838.6
2005-01-12 06:40:00,3838.1,3839.1,3837.1,3838.6
2005-01-12 06:50:00,3838.1,3839.1,3837.1,3838.6
2005-01-12 07:00:00,3845.2,3845.7,3845.2,3845.7
2005-01-12 07:10:00,3846.2,3846.2,3846.2,3846.2
2005-01-12 07:20:00,3846.7,3847.2,3846.7,3847.2
2005-01-12 07:30:00,3846.2,3846.2,3846.2,3846.2
2005-01-12 07:40:00,3847.7,3847.7,3847.7,3847.7
2005-01-12 07:50:00,3849.2,3849.2,3848.2,3849.2
2005-01-12 08:00:00,3852.2,3852.7,3850.2,3850.2
2005-01-12 08:10:00,3854.7,3854.7,3853.2,3853.7
2005-01-12 08:20:00,3852.2,3852.2,3851.2,3851.7
2005-01-12 08:30:00,3848.7,3848.7,3848.2,3848.2
2005-01-12 08:40:00,3850.2,3850.2,3850.2,3850.2
2005-01-12 08:50:00,3853.2,3854.2,3852.2,3854.2
2005-01-12 09:00:00,3854.2,3854.2,3853.7,3853.7
2005-01-12 09:10:00,3856.2,3856.2,3854.7,3855.2
2005-01-12 09:20:00,3854.7,3855.2,3854.7,3855.2
2005-01-12 09:30:00,3851.7,3851.7,3851.2,3851.7
2005-01-12 09:40:00,3851.7,3852.2,3851.7,3851.7
2005-01-12 09:50:00,3849.7,3849.7,3849.2,3849.7
2005-01-12 10:00:00,3848.7,3848.7,3848.7,3848.7
2005-01-12 10:10:00,3849.2,3849.2,3849.2,3849.2
2005-01-12 10:20:00,3851.2,3851.2,3850.7,3850.7
2005-01-12 10:30:00,3851.7,3851.7,3851.2,3851.2
2005-01-12 10:40:00,3853.2,3853.2,3853.2,3853.2
2005-01-12 10:50:00,3854.2,3854.2,3853.7,3853.7
2005-01-12 11:00:00,3852.7,3852.7,3852.7,3852.7
2005-01-12 11:10:00,3852.2,3852.2,3851.7,3851.7
2005-01-12 11:20:00,3851.8,3851.8,3851.8,3851.8
2005-01-12 11:30:00,3851.3,3851.8,3851.3,3851.8
2005-01-12 11:40:00,3851.3,3851.3,3851.3,3851.3
2005-01-12 11:50:00,3850.8,3850.8,3850.8,3850.8
2005-01-12 12:00:00,3849.3,3849.3,3848.8,3848.8
2005-01-12 12:10:00,3849.8,3849.8,3849.8,3849.8
2005-01-12 12:20:00,3851.3,3851.3,3851.3,3851.3
2005-01-12 12:30:00,3850.8,3850.8,3850.3,3850.3
2005-01-12 12:40:00,3852.8,3853.3,3852.8,3853.3
2005-01-12 12:50:00,3851.3,3851.8,3851.3,3851.8
2005-01-12 13:00:00,3851.3,3851.3,3851.3,3851.3
2005-01-12 13:10:00,3852.8,3852.8,3852.3,3852.3
2005-01-12 13:20:00,3850.3,3850.8,3850.3,3850.8
2005-01-12 13:30:00,3843.3,3843.8,3842.8,3843.8
2005-01-12 13:40:00,3834.8,3838.3,3834.8,3837.8
2005-01-12 13:50:00,3834.8,3834.8,3834.3,3834.8
2005-01-12 14:00:00,3837.8,3837.8,3837.8,3837.8
2005-01-12 14:10:00,3839.8,3839.8,3839.3,3839.3
2005-01-12 14:20:00,3840.8,3841.3,3840.8,3841.3
2005-01-12 14:30:00,3838.8,3839.3,3837.3,3837.8
2005-01-12 14:40:00,3834.8,3836.8,3834.8,3836.3
2005-01-12 14:50:00,3825.8,3827.8,3825.8,3827.8
2005-01-12 15:00:00,3829.3,3829.3,3827.8,3827.8
2005-01-12 15:10:00,3827.8,3828.8,3827.3,3828.3
2005-01-12 15:20:00,3824.3,3824.8,3823.8,3824.8
2005-01-12 15:30:00,3813.8,3815.8,3812.8,3815.3
2005-01-12 15:40:00,3811.8,3813.8,3811.8,3813.3
2005-01-12 15:50:00,3810.3,3810.3,3808.3,3808.8
2005-01-12 16:00:00,3810.8,3810.8,3809.8,3809.8
2005-01-12 16:10:00,3813.8,3813.8,3811.8,3812.8
2005-01-12 16:20:00,3816.3,3817.3,3814.8,3814.8
2005-01-12 16:30:00,3820.3,3820.3,3819.8,3819.8
2005-01-12 16:40:00,3821.8,3821.8,3821.3,3821.8
2005-01-12 16:50:00,3819.8,3819.8,3819.3,3819.8
2005-01-12 17:00:00,3819.8,3820.3,3819.8,3819.8
2005-01-12 17:10:00,3820.3,3820.3,3820.3,3820.3
2005-01-12 17:20:00,3823.3,3823.8,3822.8,3823.8
2005-01-12 17:30:00,3822.3,3822.3,3822.3,3822.3
2005-01-12 17:40:00,3817.9,3818.4,3817.9,3818.4
2005-01-12 17:50:00,3816.9,3816.9,3815.9,3816.9
2005-01-12 18:00:00,3817.4,3817.4,3816.4,3816.4
2005-01-12 18:10:00,3819.9,3820.4,3819.9,3820.4
2005-01-12 18:20:00,3815.4,3815.4,3815.4,3815.4
2005-01-12 18:30:00,3813.4,3813.4,3810.9,3812.4
2005-01-12 18:40:00,3812.9,3815.4,3812.9,3813.4
2005-01-12 18:50:00,3816.4,3817.9,3815.9,3815.9
2005-01-12 19:00:00,3816.4,3817.9,3815.9,3815.9
2005-01-12 19:10:00,3816.4,3817.9,3815.9,3815.9
2005-01-12 19:20:00,3816.4,3817.9,3815.9,3815.9
2005-01-12 19:30:00,3816.4,3817.9,3815.9,3815.9
2005-01-12 19:40:00,3816.4,3817.9,3815.9,3815.9
2005-01-12 19:50:00,3816.4,3817.9,3815.9,3815.9
2005-01-12 20:00:00,3816.4,3817.9,3815.9,3815.9
2005-01-12 20:10:00,3816.4,3817.9,3815.9,3815.9
2005-01-12 20:20:00,3816.4,3817.9,3815.9,3815.9
2005-01-12 20:30:00,3816.4,3817.9,3815.9,3815.9
2005-01-12 20:40:00,3816.4,3817.9,3815.9,3815.9
2005-01-12 20:50:00,3816.4,3817.9,3815.9,3815.9
2005-01-12 21:00:00,3816.4,3817.9,3815.9,3815.9
2005-01-12 21:10:00,3816.4,3817.9,3815.9,3815.9
2005-01-12 21:20:00,3816.4,3817.9,3815.9,3815.9
2005-01-12 21:30:00,3816.4,3817.9,3815.9,3815.9
2005-01-12 21:40:00,3816.4,3817.9,3815.9,3815.9
2005-01-12 21:50:00,3816.4,3817.9,3815.9,3815.9
2005-01-12 22:00:00,3816.4,3817.9,3815.9,3815.9
2005-01-12 22:10:00,3816.4,3817.9,3815.9,3815.9
2005-01-12 22:20:00,3816.4,3817.9,3815.9,3815.9
2005-01-12 22:30:00,3816.4,3817.9,3815.9,3815.9
2005-01-12 22:40:00,3816.4,3817.9,3815.9,3815.9
2005-01-12 22:50:00,3816.4,3817.9,3815.9,3815.9
2005-01-12 23:00:00,3816.4,3817.9,3815.9,3815.9
2005-01-12 23:10:00,3816.4,3817.9,3815.9,3815.9
2005-01-12 23:20:00,3816.4,3817.9,3815.9,3815.9
2005-01-12 23:30:00,3816.4,3817.9,3815.9,3815.9
2005-01-12 23:40:00,3816.4,3817.9,3815.9,3815.9
2005-01-12 23:50:00,3816.4,3817.9,3815.9,3815.9
2005-01-13 00:00:00,3816.4,3817.9,3815.9,3815.9
2005-01-13 00:10:00,3816.4,3817.9,3815.9,3815.9
2005-01-13 00:20:00,3816.4,3817.9,3815.9,3815.9
2005-01-13 00:30:00,3816.4,3817.9,3815.9,3815.9
2005-01-13 00:40:00,3816.4,3817.9,3815.9,3815.9
2005-01-13 00:50:00,3816.4,3817.9,3815.9,3815.9
2005-01-13 01:00:00,3816.4,3817.9,3815.9,3815.9
2005-01-13 01:10:00,3816.4,3817.9,3815.9,3815.9
2005-01-13 01:20:00,3816.4,3817.9,3815.9,3815.9
2005-01-13 01:30:00,3816.4,3817.9,3815.9,3815.9
2005-01-13 01:40:00,3816.4,3817.9,3815.9,3815.9
2005-01-13 01:50:00,3816.4,3817.9,3815.9,3815.9
2005-01-13 02:00:00,3816.4,3817.9,3815.9,3815.9
2005-01-13 02:10:00,3816.4,3817.9,3815.9,3815.9
2005-01-13 02:20:00,3816.4,3817.9,3815.9,3815.9
2005-01-13 02:30:00,3816.4,3817.9,3815.9,3815.9
2005-01-13 02:40:00,3816.4,3817.9,3815.9,3815.9
2005-01-13 02:50:00,3816.4,3817.9,3815.9,3815.9
2005-01-13 03:00:00,3816.4,3817.9,3815.9,3815.9
2005-01-13 03:10:00,3816.4,3817.9,3815.9,3815.9
2005-01-13 03:20:00,3816.4,3817.9,3815.9,3815.9
2005-01-13 03:30:00,3816.4,3817.9,3815.9,3815.9
2005-01-13 03:40:00,3816.4,3817.9,3815.9,3815.9
2005-01-13 03:50:00,3816.4,3817.9,3815.9,3815.9
2005-01-13 04:00:00,3816.4,3817.9,3815.9,3815.9
2005-01-13 04:10:00,3816.4,3817.9,3815.9,3815.9
2005-01-13 04:20:00,3816.4,3817.9,3815.9,3815.9
2005-01-13 04:30:00,3816.4,3817.9,3815.9,3815.9
2005-01-13 04:40:00,3816.4,3817.9,3815.9,3815.9
2005-01-13 04:50:00,3816.4,3817.9,3815.9,3815.9
2005-01-13 05:00:00,3816.4,3817.9,3815.9,3815.9
2005-01-13 05:10:00,3816.4,3817.9,3815.9,3815.9
2005-01-13 05:20:00,3816.4,3817.9,3815.9,3815.9
2005-01-13 05:30:00,3816.4,3817.9,3815.9,3815.9
2005-01-13 05:40:00,3816.4,3817.9,3815.9,3815.9
2005-01-13 05:50:00,3816.4,3817.9,3815.9,3815.9
2005-01-13 06:00:00,3816.4,3817.9,3815.9,3815.9
2005-01-13 06:10:00,3816.4,3817.9,3815.9,3815.9
2005-01-13 06:20:00,3816.4,3817.9,3815.9,3815.9
2005-01-13 06:30:00,3816.4,3817.9,3815.9,3815.9
2005-01-13 06:40:00,3816.4,3817.9,3815.9,3815.9
2005-01-13 06:50:00,3816.4,3817.9,3815.9,3815.9
2005-01-13 07:00:00,3834.5,3834.5,3834.5,3834.5
2005-01-13 07:10:00,3835.0,3835.0,3835.0,3835.0
2005-01-13 07:20:00,3834.5,3834.5,3833.5,3834.5
2005-01-13 07:30:00,3835.5,3835.5,3835.5,3835.5
2005-01-13 07:40:00,3834.5,3834.5,3834.5,3834.5
2005-01-13 07:50:00,3837.0,3837.5,3835.5,3836.0
2005-01-13 08:00:00,3835.0,3836.0,3834.5,3836.0
2005-01-13 08:10:00,3833.5,3834.5,3833.5,3834.5
2005-01-13 08:20:00,3839.5,3839.5,3837.0,3837.0
2005-01-13 08:30:00,3842.0,3842.0,3841.5,3841.5
2005-01-13 08:40:00,3842.0,3843.0,3841.5,3842.0
2005-01-13 08:50:00,3840.5,3841.0,3840.5,3840.5
2005-01-13 09:00:00,3840.5,3840.5,3840.0,3840.0
2005-01-13 09:10:00,3836.5,3836.5,3835.5,3835.5
2005-01-13 09:20:00,3834.0,3834.5,3833.5,3834.0
2005-01-13 09:30:00,3836.5,3836.5,3836.5,3836.5
2005-01-13 09:40:00,3832.0,3832.5,3831.5,3832.5
2005-01-13 09:50:00,3834.0,3834.0,3833.5,3834.0
2005-01-13 10:00:00,3833.0,3833.0,3833.0,3833.0
2005-01-13 10:10:00,3831.1,3832.0,3831.1,3832.0
2005-01-13 10:20:00,3831.6,3831.6,3831.1,3831.1
2005-01-13 10:30:00,3832.6,3832.6,3832.1,3832.6
2005-01-13 10:40:00,3833.6,3834.1,3832.6,3832.6
2005-01-13 10:50:00,3832.1,3832.6,3832.1,3832.6
2005-01-13 11:00:00,3832.1,3832.1,3832.1,3832.1
2005-01-13 11:10:00,3825.1,3828.6,3824.6,3828.6
2005-01-13 11:20:00,3825.6,3825.6,3825.1,3825.1
2005-01-13 11:30:00,3821.1,3822.1,3820.6,3822.1
2005-01-13 11:40:00,3824.1,3824.1,3823.6,3824.1
2005-01-13 11:50:00,3827.1,3827.6,3827.1,3827.1
2005-01-13 12:00:00,3826.6,3826.6,3826.1,3826.6
2005-01-13 12:10:00,3828.1,3828.1,3828.1,3828.1
2005-01-13 12:20:00,3826.6,3826.6,3826.6,3826.6
2005-01-13 12:30:00,3826.6,3826.6,3826.6,3826.6
2005-01-13 12:40:00,3827.6,3828.6,3827.6,3828.6
2005-01-13 12:50:00,3827.6,3827.6,3827.6,3827.6
2005-01-13 13:00:00,3827.1,3827.1,3826.6,3826.6
2005-01-13 13:10:00,3828.1,3828.6,3828.1,3828.1
2005-01-13 13:20:00,3827.1,3827.1,3826.6,3826.6
2005-01-13 13:30:00,3826.6,3826.6,3826.1,3826.6
2005-01-13 13:40:00,3826.1,3826.1,3826.1,3826.1
2005-01-13 13:50:00,3828.6,3828.6,3828.6,3828.6
2005-01-13 14:00:00,3830.6,3831.6,3830.6,3831.6
2005-01-13 14:10:00,3834.6,3834.6,3834.1,3834.1
2005-01-13 14:20:00,3834.1,3835.1,3833.6,3833.6
2005-01-13 14:30:00,3829.1,3829.1,3828.6,3828.6
2005-01-13 14:40:00,3825.1,3825.6,3825.1,3825.6
2005-01-13 14:50:00,3831.1,3831.6,3830.6,3830.6
2005-01-13 15:00:00,3830.6,3832.6,3830.6,3832.6
2005-01-13 15:10:00,3832.6,3832.6,3831.6,3832.6
2005-01-13 15:20:00,3832.1,3832.6,3831.6,3831.6
2005-01-13 15:30:00,3830.1,3831.6,3829.6,3831.1
2005-01-13 15:40:00,3825.6,3826.1,3824.1,3825.6
2005-01-13 15:50:00,3825.1,3825.6,3824.6,3824.6
2005-01-13 16:00:00,3832.6,3832.6,3831.6,3832.1
2005-01-13 16:10:00,3832.1,3832.6,3832.1,3832.6
2005-01-13 16:20:00,3834.6,3835.6,3834.1,3835.1
2005-01-13 16:30:00,3833.1,3833.6,3833.1,3833.6
2005-01-13 16:40:00,3831.6,3831.6,3830.6,3830.6
2005-01-13 16:50:00,3833.1,3833.1,3832.6,3832.6
2005-01-13 17:00:00,3832.6,3833.1,3832.6,3832.6
2005-01-13 17:10:00,3833.6,3833.6,3832.6,3833.1
2005-01-13 17:20:00,3833.1,3833.1,3833.1,3833.1
2005-01-13 17:30:00,3832.6,3834.1,3832.6,3834.1
2005-01-13 17:40:00,3834.6,3834.6,3834.6,3834.6
2005-01-13 17:50:00,3837.6,3838.1,3835.6,3835.6
2005-01-13 18:00:00,3836.1,3836.6,3836.1,3836.6
2005-01-13 18:10:00,3837.1,3837.1,3837.1,3837.1
2005-01-13 18:20:00,3834.2,3834.6,3834.2,3834.6
2005-01-13 18:30:00,3834.7,3834.7,3834.7,3834.7
2005-01-13 18:40:00,3836.2,3836.2,3835.7,3835.7
2005-01-13 18:50:00,3838.2,3838.2,3836.7,3836.7
2005-01-13 19:00:00,3838.2,3838.2,3836.7,3836.7
2005-01-13 19:10:00,3838.2,3838.2,3836.7,3836.7
2005-01-13 19:20:00,3838.2,3838.2,3836.7,3836.7
2005-01-13 19:30:00,3838.2,3838.2,3836.7,3836.7
2005-01-13 19:40:00,3838.2,3838.2,3836.7,3836.7
2005-01-13 19:50:00,3838.2,3838.2,3836.7,3836.7
2005-01-13 20:00:00,3838.2,3838.2,3836.7,3836.7
2005-01-13 20:10:00,3838.2,3838.2,3836.7,3836.7
2005-01-13 20:20:00,3838.2,3838.2,3836.7,3836.7
2005-01-13 20:30:00,3838.2,3838.2,3836.7,3836.7
2005-01-13 20:40:00,3838.2,3838.2,3836.7,3836.7
2005-01-13 20:50:00,3838.2,3838.2,3836.7,3836.7
2005-01-13 21:00:00,3838.2,3838.2,3836.7,3836.7
2005-01-13 21:10:00,3838.2,3838.2,3836.7,3836.7
2005-01-13 21:20:00,3838.2,3838.2,3836.7,3836.7
2005-01-13 21:30:00,3838.2,3838.2,3836.7,3836.7
2005-01-13 21:40:00,3838.2,3838.2,3836.7,3836.7
2005-01-13 21:50:00,3838.2,3838.2,3836.7,3836.7
2005-01-13 22:00:00,3838.2,3838.2,3836.7,3836.7
2005-01-13 22:10:00,3838.2,3838.2,3836.7,3836.7
2005-01-13 22:20:00,3838.2,3838.2,3836.7,3836.7
2005-01-13 22:30:00,3838.2,3838.2,3836.7,3836.7
2005-01-13 22:40:00,3838.2,3838.2,3836.7,3836.7
2005-01-13 22:50:00,3838.2,3838.2,3836.7,3836.7
2005-01-13 23:00:00,3838.2,3838.2,3836.7,3836.7
2005-01-13 23:10:00,3838.2,3838.2,3836.7,3836.7
2005-01-13 23:20:00,3838.2,3838.2,3836.7,3836.7
2005-01-13 23:30:00,3838.2,3838.2,3836.7,3836.7
2005-01-13 23:40:00,3838.2,3838.2,3836.7,3836.7
2005-01-13 23:50:00,3838.2,3838.2,3836.7,3836.7
2005-01-14 00:00:00,3838.2,3838.2,3836.7,3836.7
2005-01-14 00:10:00,3838.2,3838.2,3836.7,3836.7
2005-01-14 00:20:00,3838.2,3838.2,3836.7,3836.7
2005-01-14 00:30:00,3838.2,3838.2,3836.7,3836.7
2005-01-14 00:40:00,3838.2,3838.2,3836.7,3836.7
2005-01-14 00:50:00,3838.2,3838.2,3836.7,3836.7
2005-01-14 01:00:00,3838.2,3838.2,3836.7,3836.7
2005-01-14 01:10:00,3838.2,3838.2,3836.7,3836.7
2005-01-14 01:20:00,3838.2,3838.2,3836.7,3836.7
2005-01-14 01:30:00,3838.2,3838.2,3836.7,3836.7
2005-01-14 01:40:00,3838.2,3838.2,3836.7,3836.7
2005-01-14 01:50:00,3838.2,3838.2,3836.7,3836.7
2005-01-14 02:00:00,3838.2,3838.2,3836.7,3836.7
2005-01-14 02:10:00,3838.2,3838.2,3836.7,3836.7
2005-01-14 02:20:00,3838.2,3838.2,3836.7,3836.7
2005-01-14 02:30:00,3838.2,3838.2,3836.7,3836.7
2005-01-14 02:40:00,3838.2,3838.2,3836.7,3836.7
2005-01-14 02:50:00,3838.2,3838.2,3836.7,3836.7
2005-01-14 03:00:00,3838.2,3838.2,3836.7,3836.7
2005-01-14 03:10:00,3838.2,3838.2,3836.7,3836.7
2005-01-14 03:20:00,3838.2,3838.2,3836.7,3836.7
2005-01-14 03:30:00,3838.2,3838.2,3836.7,3836.7
2005-01-14 03:40:00,3838.2,3838.2,3836.7,3836.7
2005-01-14 03:50:00,3838.2,3838.2,3836.7,3836.7
2005-01-14 04:00:00,3838.2,3838.2,3836.7,3836.7
2005-01-14 04:10:00,3838.2,3838.2,3836.7,3836.7
2005-01-14 04:20:00,3838.2,3838.2,3836.7,3836.7
2005-01-14 04:30:00,3838.2,3838.2,3836.7,3836.7
2005-01-14 04:40:00,3838.2,3838.2,3836.7,3836.7
2005-01-14 04:50:00,3838.2,3838.2,3836.7,3836.7
2005-01-14 05:00:00,3838.2,3838.2,3836.7,3836.7
2005-01-14 05:10:00,3838.2,3838.2,3836.7,3836.7
2005-01-14 05:20:00,3838.2,3838.2,3836.7,3836.7
2005-01-14 05:30:00,3838.2,3838.2,3836.7,3836.7
2005-01-14 05:40:00,3838.2,3838.2,3836.7,3836.7
2005-01-14 05:50:00,3838.2,3838.2,3836.7,3836.7
2005-01-14 06:00:00,3838.2,3838.2,3836.7,3836.7
2005-01-14 06:10:00,3838.2,3838.2,3836.7,3836.7
2005-01-14 06:20:00,3838.2,3838.2,3836.7,3836.7
2005-01-14 06:30:00,3838.2,3838.2,3836.7,3836.7
2005-01-14 06:40:00,3838.2,3838.2,3836.7,3836.7
2005-01-14 06:50:00,3838.2,3838.2,3836.7,3836.7
2005-01-14 07:00:00,3815.3,3815.3,3815.3,3815.3
2005-01-14 07:10:00,3815.3,3815.3,3814.8,3814.8
2005-01-14 07:20:00,3818.8,3819.3,3818.3,3818.3
2005-01-14 07:30:00,3820.8,3820.8,3820.8,3820.8
2005-01-14 07:40:00,3820.8,3820.8,3819.8,3819.8
2005-01-14 07:50:00,3816.8,3817.8,3816.8,3817.8
2005-01-14 08:00:00,3821.3,3821.8,3820.8,3820.8
2005-01-14 08:10:00,3822.8,3823.8,3822.8,3823.3
2005-01-14 08:20:00,3826.8,3828.3,3826.8,3827.3
2005-01-14 08:30:00,3826.8,3827.3,3826.8,3827.3
2005-01-14 08:40:00,3830.8,3831.8,3830.3,3831.8
2005-01-14 08:50:00,3834.3,3834.8,3833.8,3833.8
2005-01-14 09:00:00,3837.3,3838.3,3837.3,3837.8
2005-01-14 09:10:00,3844.8,3845.3,3844.8,3844.8
2005-01-14 09:20:00,3842.8,3843.3,3842.8,3842.8
2005-01-14 09:30:00,3839.3,3839.3,3838.8,3839.3
2005-01-14 09:40:00,3839.8,3840.8,3839.8,3840.3
2005-01-14 09:50:00,3840.3,3840.8,3839.8,3839.8
2005-01-14 10:00:00,3842.3,3842.8,3842.3,3842.8
2005-01-14 10:10:00,3842.8,3842.8,3842.8,3842.8
2005-01-14 10:20:00,3843.8,3844.3,3843.8,3843.8
2005-01-14 10:30:00,3841.8,3842.3,3841.3,3841.8
2005-01-14 10:40:00,3843.8,3844.3,3843.8,3844.3
2005-01-14 10:50:00,3842.9,3843.9,3842.9,3843.4
2005-01-14 11:00:00,3843.4,3843.9,3843.4,3843.9
2005-01-14 11:10:00,3845.4,3845.4,3843.9,3843.9
2005-01-14 11:20:00,3846.9,3846.9,3846.9,3846.9
2005-01-14 11:30:00,3847.9,3847.9,3847.9,3847.9
2005-01-14 11:40:00,3852.4,3852.9,3851.9,3852.4
2005-01-14 11:50:00,3850.4,3851.4,3850.4,3850.9
2005-01-14 12:00:00,3849.9,3849.9,3848.4,3848.4
2005-01-14 12:10:00,3848.9,3848.9,3848.9,3848.9
2005-01-14 12:20:00,3848.4,3848.9,3848.4,3848.9
2005-01-14 12:30:00,3848.9,3848.9,3848.9,3848.9
2005-01-14 12:40:00,3848.9,3849.4,3848.9,3849.4
2005-01-14 12:50:00,3848.9,3849.4,3848.9,3849.4
2005-01-14 13:00:00,3849.4,3849.4,3849.4,3849.4
2005-01-14 13:10:00,3850.9,3851.4,3850.9,3851.4
2005-01-14 13:20:00,3851.9,3851.9,3850.4,3850.4
2005-01-14 13:30:00,3851.4,3851.4,3850.4,3850.4
2005-01-14 13:40:00,3851.9,3851.9,3851.4,3851.4
2005-01-14 13:50:00,3852.4,3852.9,3852.4,3852.4
2005-01-14 14:00:00,3852.4,3852.4,3852.4,3852.4
2005-01-14 14:10:00,3853.9,3854.4,3853.4,3854.4
2005-01-14 14:20:00,3852.9,3852.9,3852.4,3852.9
2005-01-14 14:30:00,3855.9,3856.4,3855.9,3856.4
2005-01-14 14:40:00,3853.9,3854.4,3853.9,3854.4
2005-01-14 14:50:00,3854.9,3855.4,3853.9,3854.9
2005-01-14 15:00:00,3849.9,3852.4,3849.4,3851.9
2005-01-14 15:10:00,3854.4,3854.9,3854.4,3854.4
2005-01-14 15:20:00,3859.9,3860.4,3857.9,3858.4
2005-01-14 15:30:00,3860.4,3860.4,3859.4,3859.4
2005-01-14 15:40:00,3858.4,3859.4,3857.9,3858.9
2005-01-14 15:50:00,3856.9,3856.9,3854.9,3854.9
2005-01-14 16:00:00,3859.9,3860.4,3859.4,3859.9
2005-01-14 16:10:00,3856.9,3856.9,3855.9,3855.9
2005-01-14 16:20:00,3855.4,3857.9,3854.9,3856.4
2005-01-14 16:30:00,3856.4,3856.4,3856.4,3856.4
2005-01-14 16:40:00,3855.4,3856.4,3855.4,3855.4
2005-01-14 16:50:00,3852.9,3854.9,3852.9,3854.4
2005-01-14 17:00:00,3855.4,3855.4,3855.4,3855.4
2005-01-14 17:10:00,3855.9,3856.4,3855.9,3856.4
2005-01-14 17:20:00,3856.9,3856.9,3856.9,3856.9
2005-01-14 17:30:00,3856.9,3856.9,3856.4,3856.4
2005-01-14 17:40:00,3856.4,3856.4,3856.4,3856.4
2005-01-14 17:50:00,3855.4,3855.4,3855.4,3855.4
2005-01-14 18:00:00,3855.4,3855.4,3855.4,3855.4
2005-01-14 18:10:00,3854.4,3854.4,3854.4,3854.4
2005-01-14 18:20:00,3856.4,3856.4,3856.4,3856.4
2005-01-14 18:30:00,3853.4,3853.4,3853.4,3853.4
2005-01-14 18:40:00,3852.9,3852.9,3852.9,3852.9
2005-01-14 18:50:00,3849.9,3850.9,3849.9,3850.4
2005-01-14 19:00:00,3849.9,3850.9,3849.9,3850.4
2005-01-14 19:10:00,3849.9,3850.9,3849.9,3850.4
2005-01-14 19:20:00,3849.9,3850.9,3849.9,3850.4
2005-01-14 19:30:00,3849.9,3850.9,3849.9,3850.4
2005-01-14 19:40:00,3849.9,3850.9,3849.9,3850.4
2005-01-14 19:50:00,3849.9,3850.9,3849.9,3850.4
2005-01-14 20:00:00,3849.9,3850.9,3849.9,3850.4
2005-01-14 20:10:00,3849.9,3850.9,3849.9,3850.4
2005-01-14 20:20:00,3849.9,3850.9,3849.9,3850.4
2005-01-14 20:30:00,3849.9,3850.9,3849.9,3850.4
2005-01-14 20:40:00,3849.9,3850.9,3849.9,3850.4
2005-01-14 20:50:00,3849.9,3850.9,3849.9,3850.4
2005-01-14 21:00:00,3849.9,3850.9,3849.9,3850.4
2005-01-14 21:10:00,3849.9,3850.9,3849.9,3850.4
2005-01-14 21:20:00,3849.9,3850.9,3849.9,3850.4
2005-01-14 21:30:00,3849.9,3850.9,3849.9,3850.4
2005-01-14 21:40:00,3849.9,3850.9,3849.9,3850.4
2005-01-14 21:50:00,3849.9,3850.9,3849.9,3850.4
2005-01-14 22:00:00,3849.9,3850.9,3849.9,3850.4
2005-01-14 22:10:00,3849.9,3850.9,3849.9,3850.4
2005-01-14 22:20:00,3849.9,3850.9,3849.9,3850.4
2005-01-14 22:30:00,3849.9,3850.9,3849.9,3850.4
2005-01-14 22:40:00,3849.9,3850.9,3849.9,3850.4
2005-01-14 22:50:00,3849.9,3850.9,3849.9,3850.4
2005-01-14 23:00:00,3849.9,3850.9,3849.9,3850.4
2005-01-14 23:10:00,3849.9,3850.9,3849.9,3850.4
2005-01-14 23:20:00,3849.9,3850.9,3849.9,3850.4
2005-01-14 23:30:00,3849.9,3850.9,3849.9,3850.4
2005-01-14 23:40:00,3849.9,3850.9,3849.9,3850.4
2005-01-14 23:50:00,3849.9,3850.9,3849.9,3850.4
2005-01-15 00:00:00,3849.9,3850.9,3849.9,3850.4
2005-01-15 00:10:00,3849.9,3850.9,3849.9,3850.4
2005-01-15 00:20:00,3849.9,3850.9,3849.9,3850.4
2005-01-15 00:30:00,3849.9,3850.9,3849.9,3850.4
2005-01-15 00:40:00,3849.9,3850.9,3849.9,3850.4
2005-01-15 00:50:00,3849.9,3850.9,3849.9,3850.4
2005-01-15 01:00:00,3849.9,3850.9,3849.9,3850.4
2005-01-15 01:10:00,3849.9,3850.9,3849.9,3850.4
2005-01-15 01:20:00,3849.9,3850.9,3849.9,3850.4
2005-01-15 01:30:00,3849.9,3850.9,3849.9,3850.4
2005-01-15 01:40:00,3849.9,3850.9,3849.9,3850.4
2005-01-15 01:50:00,3849.9,3850.9,3849.9,3850.4
2005-01-15 02:00:00,3849.9,3850.9,3849.9,3850.4
2005-01-15 02:10:00,3849.9,3850.9,3849.9,3850.4
2005-01-15 02:20:00,3849.9,3850.9,3849.9,3850.4
2005-01-15 02:30:00,3849.9,3850.9,3849.9,3850.4
2005-01-15 02:40:00,3849.9,3850.9,3849.9,3850.4
2005-01-15 02:50:00,3849.9,3850.9,3849.9,3850.4
2005-01-15 03:00:00,3849.9,3850.9,3849.9,3850.4
2005-01-15 03:10:00,3849.9,3850.9,3849.9,3850.4
2005-01-15 03:20:00,3849.9,3850.9,3849.9,3850.4
2005-01-15 03:30:00,3849.9,3850.9,3849.9,3850.4
2005-01-15 03:40:00,3849.9,3850.9,3849.9,3850.4
2005-01-15 03:50:00,3849.9,3850.9,3849.9,3850.4
2005-01-15 04:00:00,3849.9,3850.9,3849.9,3850.4
2005-01-15 04:10:00,3849.9,3850.9,3849.9,3850.4
2005-01-15 04:20:00,3849.9,3850.9,3849.9,3850.4
2005-01-15 04:30:00,3849.9,3850.9,3849.9,3850.4
2005-01-15 04:40:00,3849.9,3850.9,3849.9,3850.4
2005-01-15 04:50:00,3849.9,3850.9,3849.9,3850.4
2005-01-15 05:00:00,3849.9,3850.9,3849.9,3850.4
2005-01-15 05:10:00,3849.9,3850.9,3849.9,3850.4
2005-01-15 05:20:00,3849.9,3850.9,3849.9,3850.4
2005-01-15 05:30:00,3849.9,3850.9,3849.9,3850.4
2005-01-15 05:40:00,3849.9,3850.9,3849.9,3850.4
2005-01-15 05:50:00,3849.9,3850.9,3849.9,3850.4
2005-01-15 06:00:00,3849.9,3850.9,3849.9,3850.4
2005-01-15 06:10:00,3849.9,3850.9,3849.9,3850.4
2005-01-15 06:20:00,3849.9,3850.9,3849.9,3850.4
2005-01-15 06:30:00,3849.9,3850.9,3849.9,3850.4
2005-01-15 06:40:00,3849.9,3850.9,3849.9,3850.4
2005-01-15 06:50:00,3849.9,3850.9,3849.9,3850.4
2005-01-15 07:00:00,3849.9,3850.9,3849.9,3850.4
2005-01-15 07:10:00,3849.9,3850.9,3849.9,3850.4
2005-01-15 07:20:00,3849.9,3850.9,3849.9,3850.4
2005-01-15 07:30:00,3849.9,3850.9,3849.9,3850.4
2005-01-15 07:40:00,3849.9,3850.9,3849.9,3850.4
2005-01-15 07:50:00,3849.9,3850.9,3849.9,3850.4
2005-01-15 08:00:00,3849.9,3850.9,3849.9,3850.4
2005-01-15 08:10:00,3849.9,3850.9,3849.9,3850.4
2005-01-15 08:20:00,3849.9,3850.9,3849.9,3850.4
2005-01-15 08:30:00,3849.9,3850.9,3849.9,3850.4
2005-01-15 08:40:00,3849.9,3850.9,3849.9,3850.4
2005-01-15 08:50:00,3849.9,3850.9,3849.9,3850.4
2005-01-15 09:00:00,3849.9,3850.9,3849.9,3850.4
2005-01-15 09:10:00,3849.9,3850.9,3849.9,3850.4
2005-01-15 09:20:00,3849.9,3850.9,3849.9,3850.4
2005-01-15 09:30:00,3849.9,3850.9,3849.9,3850.4
2005-01-15 09:40:00,3849.9,3850.9,3849.9,3850.4
2005-01-15 09:50:00,3849.9,3850.9,3849.9,3850.4
2005-01-15 10:00:00,3849.9,3850.9,3849.9,3850.4
2005-01-15 10:10:00,3849.9,3850.9,3849.9,3850.4
2005-01-15 10:20:00,3849.9,3850.9,3849.9,3850.4
2005-01-15 10:30:00,3849.9,3850.9,3849.9,3850.4
2005-01-15 10:40:00,3849.9,3850.9,3849.9,3850.4
2005-01-15 10:50:00,3849.9,3850.9,3849.9,3850.4
2005-01-15 11:00:00,3849.9,3850.9,3849.9,3850.4
2005-01-15 11:10:00,3849.9,3850.9,3849.9,3850.4
2005-01-15 11:20:00,3849.9,3850.9,3849.9,3850.4
2005-01-15 11:30:00,3849.9,3850.9,3849.9,3850.4
2005-01-15 11:40:00,3849.9,3850.9,3849.9,3850.4
2005-01-15 11:50:00,3849.9,3850.9,3849.9,3850.4
2005-01-15 12:00:00,3849.9,3850.9,3849.9,3850.4
2005-01-15 12:10:00,3849.9,3850.9,3849.9,3850.4
2005-01-15 12:20:00,3849.9,3850.9,3849.9,3850.4
2005-01-15 12:30:00,3849.9,3850.9,3849.9,3850.4
2005-01-15 12:40:00,3849.9,3850.9,3849.9,3850.4
2005-01-15 12:50:00,3849.9,3850.9,3849.9,3850.4
2005-01-15 13:00:00,3849.9,3850.9,3849.9,3850.4
2005-01-15 13:10:00,3849.9,3850.9,3849.9,3850.4
2005-01-15 13:20:00,3849.9,3850.9,3849.9,3850.4
2005-01-15 13:30:00,3849.9,3850.9,3849.9,3850.4
2005-01-15 13:40:00,3849.9,3850.9,3849.9,3850.4
2005-01-15 13:50:00,3849.9,3850.9,3849.9,3850.4
2005-01-15 14:00:00,3849.9,3850.9,3849.9,3850.4
2005-01-15 14:10:00,3849.9,3850.9,3849.9,3850.4
2005-01-15 14:20:00,3849.9,3850.9,3849.9,3850.4
2005-01-15 14:30:00,3849.9,3850.9,3849.9,3850.4
2005-01-15 14:40:00,3849.9,3850.9,3849.9,3850.4
2005-01-15 14:50:00,3849.9,3850.9,3849.9,3850.4
2005-01-15 15:00:00,3849.9,3850.9,3849.9,3850.4
2005-01-15 15:10:00,3849.9,3850.9,3849.9,3850.4
2005-01-15 15:20:00,3849.9,3850.9,3849.9,3850.4
2005-01-15 15:30:00,3849.9,3850.9,3849.9,3850.4
2005-01-15 15:40:00,3849.9,3850.9,3849.9,3850.4
2005-01-15 15:50:00,3849.9,3850.9,3849.9,3850.4
2005-01-15 16:00:00,3849.9,3850.9,3849.9,3850.4
2005-01-15 16:10:00,3849.9,3850.9,3849.9,3850.4
2005-01-15 16:20:00,3849.9,3850.9,3849.9,3850.4
2005-01-15 16:30:00,3849.9,3850.9,3849.9,3850.4
2005-01-15 16:40:00,3849.9,3850.9,3849.9,3850.4
2005-01-15 16:50:00,3849.9,3850.9,3849.9,3850.4
2005-01-15 17:00:00,3849.9,3850.9,3849.9,3850.4
2005-01-15 17:10:00,3849.9,3850.9,3849.9,3850.4
2005-01-15 17:20:00,3849.9,3850.9,3849.9,3850.4
2005-01-15 17:30:00,3849.9,3850.9,3849.9,3850.4
2005-01-15 17:40:00,3849.9,3850.9,3849.9,3850.4
2005-01-15 17:50:00,3849.9,3850.9,3849.9,3850.4
2005-01-15 18:00:00,3849.9,3850.9,3849.9,3850.4
2005-01-15 18:10:00,3849.9,3850.9,3849.9,3850.4
2005-01-15 18:20:00,3849.9,3850.9,3849.9,3850.4
2005-01-15 18:30:00,3849.9,3850.9,3849.9,3850.4
2005-01-15 18:40:00,3849.9,3850.9,3849.9,3850.4
2005-01-15 18:50:00,3849.9,3850.9,3849.9,3850.4
2005-01-15 19:00:00,3849.9,3850.9,3849.9,3850.4
2005-01-15 19:10:00,3849.9,3850.9,3849.9,3850.4
2005-01-15 19:20:00,3849.9,3850.9,3849.9,3850.4
2005-01-15 19:30:00,3849.9,3850.9,3849.9,3850.4
2005-01-15 19:40:00,3849.9,3850.9,3849.9,3850.4
2005-01-15 19:50:00,3849.9,3850.9,3849.9,3850.4
2005-01-15 20:00:00,3849.9,3850.9,3849.9,3850.4
2005-01-15 20:10:00,3849.9,3850.9,3849.9,3850.4
2005-01-15 20:20:00,3849.9,3850.9,3849.9,3850.4
2005-01-15 20:30:00,3849.9,3850.9,3849.9,3850.4
2005-01-15 20:40:00,3849.9,3850.9,3849.9,3850.4
2005-01-15 20:50:00,3849.9,3850.9,3849.9,3850.4
2005-01-15 21:00:00,3849.9,3850.9,3849.9,3850.4
2005-01-15 21:10:00,3849.9,3850.9,3849.9,3850.4
2005-01-15 21:20:00,3849.9,3850.9,3849.9,3850.4
2005-01-15 21:30:00,3849.9,3850.9,3849.9,3850.4
2005-01-15 21:40:00,3849.9,3850.9,3849.9,3850.4
2005-01-15 21:50:00,3849.9,3850.9,3849.9,3850.4
2005-01-15 22:00:00,3849.9,3850.9,3849.9,3850.4
2005-01-15 22:10:00,3849.9,3850.9,3849.9,3850.4
2005-01-15 22:20:00,3849.9,3850.9,3849.9,3850.4
2005-01-15 22:30:00,3849.9,3850.9,3849.9,3850.4
2005-01-15 22:40:00,3849.9,3850.9,3849.9,3850.4
2005-01-15 22:50:00,3849.9,3850.9,3849.9,3850.4
2005-01-15 23:00:00,3849.9,3850.9,3849.9,3850.4
2005-01-15 23:10:00,3849.9,3850.9,3849.9,3850.4
2005-01-15 23:20:00,3849.9,3850.9,3849.9,3850.4
2005-01-15 23:30:00,3849.9,3850.9,3849.9,3850.4
2005-01-15 23:40:00,3849.9,3850.9,3849.9,3850.4
2005-01-15 23:50:00,3849.9,3850.9,3849.9,3850.4
2005-01-16 00:00:00,3849.9,3850.9,3849.9,3850.4
2005-01-16 00:10:00,3849.9,3850.9,3849.9,3850.4
2005-01-16 00:20:00,3849.9,3850.9,3849.9,3850.4
2005-01-16 00:30:00,3849.9,3850.9,3849.9,3850.4
2005-01-16 00:40:00,3849.9,3850.9,3849.9,3850.4
2005-01-16 00:50:00,3849.9,3850.9,3849.9,3850.4
2005-01-16 01:00:00,3849.9,3850.9,3849.9,3850.4
2005-01-16 01:10:00,3849.9,3850.9,3849.9,3850.4
2005-01-16 01:20:00,3849.9,3850.9,3849.9,3850.4
2005-01-16 01:30:00,3849.9,3850.9,3849.9,3850.4
2005-01-16 01:40:00,3849.9,3850.9,3849.9,3850.4
2005-01-16 01:50:00,3849.9,3850.9,3849.9,3850.4
2005-01-16 02:00:00,3849.9,3850.9,3849.9,3850.4
2005-01-16 02:10:00,3849.9,3850.9,3849.9,3850.4
2005-01-16 02:20:00,3849.9,3850.9,3849.9,3850.4
2005-01-16 02:30:00,3849.9,3850.9,3849.9,3850.4
2005-01-16 02:40:00,3849.9,3850.9,3849.9,3850.4
2005-01-16 02:50:00,3849.9,3850.9,3849.9,3850.4
2005-01-16 03:00:00,3849.9,3850.9,3849.9,3850.4
2005-01-16 03:10:00,3849.9,3850.9,3849.9,3850.4
2005-01-16 03:20:00,3849.9,3850.9,3849.9,3850.4
2005-01-16 03:30:00,3849.9,3850.9,3849.9,3850.4
2005-01-16 03:40:00,3849.9,3850.9,3849.9,3850.4
2005-01-16 03:50:00,3849.9,3850.9,3849.9,3850.4
2005-01-16 04:00:00,3849.9,3850.9,3849.9,3850.4
2005-01-16 04:10:00,3849.9,3850.9,3849.9,3850.4
2005-01-16 04:20:00,3849.9,3850.9,3849.9,3850.4
2005-01-16 04:30:00,3849.9,3850.9,3849.9,3850.4
2005-01-16 04:40:00,3849.9,3850.9,3849.9,3850.4
2005-01-16 04:50:00,3849.9,3850.9,3849.9,3850.4
2005-01-16 05:00:00,3849.9,3850.9,3849.9,3850.4
2005-01-16 05:10:00,3849.9,3850.9,3849.9,3850.4
2005-01-16 05:20:00,3849.9,3850.9,3849.9,3850.4
2005-01-16 05:30:00,3849.9,3850.9,3849.9,3850.4
2005-01-16 05:40:00,3849.9,3850.9,3849.9,3850.4
2005-01-16 05:50:00,3849.9,3850.9,3849.9,3850.4
2005-01-16 06:00:00,3849.9,3850.9,3849.9,3850.4
2005-01-16 06:10:00,3849.9,3850.9,3849.9,3850.4
2005-01-16 06:20:00,3849.9,3850.9,3849.9,3850.4
2005-01-16 06:30:00,3849.9,3850.9,3849.9,3850.4
2005-01-16 06:40:00,3849.9,3850.9,3849.9,3850.4
2005-01-16 06:50:00,3849.9,3850.9,3849.9,3850.4
2005-01-16 07:00:00,3849.9,3850.9,3849.9,3850.4
2005-01-16 07:10:00,3849.9,3850.9,3849.9,3850.4
2005-01-16 07:20:00,3849.9,3850.9,3849.9,3850.4
2005-01-16 07:30:00,3849.9,3850.9,3849.9,3850.4
2005-01-16 07:40:00,3849.9,3850.9,3849.9,3850.4
2005-01-16 07:50:00,3849.9,3850.9,3849.9,3850.4
2005-01-16 08:00:00,3849.9,3850.9,3849.9,3850.4
2005-01-16 08:10:00,3849.9,3850.9,3849.9,3850.4
2005-01-16 08:20:00,3849.9,3850.9,3849.9,3850.4
2005-01-16 08:30:00,3849.9,3850.9,3849.9,3850.4
2005-01-16 08:40:00,3849.9,3850.9,3849.9,3850.4
2005-01-16 08:50:00,3849.9,3850.9,3849.9,3850.4
2005-01-16 09:00:00,3849.9,3850.9,3849.9,3850.4
2005-01-16 09:10:00,3849.9,3850.9,3849.9,3850.4
2005-01-16 09:20:00,3849.9,3850.9,3849.9,3850.4
2005-01-16 09:30:00,3849.9,3850.9,3849.9,3850.4
2005-01-16 09:40:00,3849.9,3850.9,3849.9,3850.4
2005-01-16 09:50:00,3849.9,3850.9,3849.9,3850.4
2005-01-16 10:00:00,3849.9,3850.9,3849.9,3850.4
2005-01-16 10:10:00,3849.9,3850.9,3849.9,3850.4
2005-01-16 10:20:00,3849.9,3850.9,3849.9,3850.4
2005-01-16 10:30:00,3849.9,3850.9,3849.9,3850.4
2005-01-16 10:40:00,3849.9,3850.9,3849.9,3850.4
2005-01-16 10:50:00,3849.9,3850.9,3849.9,3850.4
2005-01-16 11:00:00,3849.9,3850.9,3849.9,3850.4
2005-01-16 11:10:00,3849.9,3850.9,3849.9,3850.4
2005-01-16 11:20:00,3849.9,3850.9,3849.9,3850.4
2005-01-16 11:30:00,3849.9,3850.9,3849.9,3850.4
2005-01-16 11:40:00,3849.9,3850.9,3849.9,3850.4
2005-01-16 11:50:00,3849.9,3850.9,3849.9,3850.4
2005-01-16 12:00:00,3849.9,3850.9,3849.9,3850.4
2005-01-16 12:10:00,3849.9,3850.9,3849.9,3850.4
2005-01-16 12:20:00,3849.9,3850.9,3849.9,3850.4
2005-01-16 12:30:00,3849.9,3850.9,3849.9,3850.4
2005-01-16 12:40:00,3849.9,3850.9,3849.9,3850.4
2005-01-16 12:50:00,3849.9,3850.9,3849.9,3850.4
2005-01-16 13:00:00,3849.9,3850.9,3849.9,3850.4
2005-01-16 13:10:00,3849.9,3850.9,3849.9,3850.4
2005-01-16 13:20:00,3849.9,3850.9,3849.9,3850.4
2005-01-16 13:30:00,3849.9,3850.9,3849.9,3850.4
2005-01-16 13:40:00,3849.9,3850.9,3849.9,3850.4
2005-01-16 13:50:00,3849.9,3850.9,3849.9,3850.4
2005-01-16 14:00:00,3849.9,3850.9,3849.9,3850.4
2005-01-16 14:10:00,3849.9,3850.9,3849.9,3850.4
2005-01-16 14:20:00,3849.9,3850.9,3849.9,3850.4
2005-01-16 14:30:00,3849.9,3850.9,3849.9,3850.4
2005-01-16 14:40:00,3849.9,3850.9,3849.9,3850.4
2005-01-16 14:50:00,3849.9,3850.9,3849.9,3850.4
2005-01-16 15:00:00,3849.9,3850.9,3849.9,3850.4
2005-01-16 15:10:00,3849.9,3850.9,3849.9,3850.4
2005-01-16 15:20:00,3849.9,3850.9,3849.9,3850.4
2005-01-16 15:30:00,3849.9,3850.9,3849.9,3850.4
2005-01-16 15:40:00,3849.9,3850.9,3849.9,3850.4
2005-01-16 15:50:00,3849.9,3850.9,3849.9,3850.4
2005-01-16 16:00:00,3849.9,3850.9,3849.9,3850.4
2005-01-16 16:10:00,3849.9,3850.9,3849.9,3850.4
2005-01-16 16:20:00,3849.9,3850.9,3849.9,3850.4
2005-01-16 16:30:00,3849.9,3850.9,3849.9,3850.4
2005-01-16 16:40:00,3849.9,3850.9,3849.9,3850.4
2005-01-16 16:50:00,3849.9,3850.9,3849.9,3850.4
2005-01-16 17:00:00,3849.9,3850.9,3849.9,3850.4
2005-01-16 17:10:00,3849.9,3850.9,3849.9,3850.4
2005-01-16 17:20:00,3849.9,3850.9,3849.9,3850.4
2005-01-16 17:30:00,3849.9,3850.9,3849.9,3850.4
2005-01-16 17:40:00,3849.9,3850.9,3849.9,3850.4
2005-01-16 17:50:00,3849.9,3850.9,3849.9,3850.4
2005-01-16 18:00:00,3849.9,3850.9,3849.9,3850.4
2005-01-16 18:10:00,3849.9,3850.9,3849.9,3850.4
2005-01-16 18:20:00,3849.9,3850.9,3849.9,3850.4
2005-01-16 18:30:00,3849.9,3850.9,3849.9,3850.4
2005-01-16 18:40:00,3849.9,3850.9,3849.9,3850.4
2005-01-16 18:50:00,3849.9,3850.9,3849.9,3850.4
2005-01-16 19:00:00,3849.9,3850.9,3849.9,3850.4
2005-01-16 19:10:00,3849.9,3850.9,3849.9,3850.4
2005-01-16 19:20:00,3849.9,3850.9,3849.9,3850.4
2005-01-16 19:30:00,3849.9,3850.9,3849.9,3850.4
2005-01-16 19:40:00,3849.9,3850.9,3849.9,3850.4
2005-01-16 19:50:00,3849.9,3850.9,3849.9,3850.4
2005-01-16 20:00:00,3849.9,3850.9,3849.9,3850.4
2005-01-16 20:10:00,3849.9,3850.9,3849.9,3850.4
2005-01-16 20:20:00,3849.9,3850.9,3849.9,3850.4
2005-01-16 20:30:00,3849.9,3850.9,3849.9,3850.4
2005-01-16 20:40:00,3849.9,3850.9,3849.9,3850.4
2005-01-16 20:50:00,3849.9,3850.9,3849.9,3850.4
2005-01-16 21:00:00,3849.9,3850.9,3849.9,3850.4
2005-01-16 21:10:00,3849.9,3850.9,3849.9,3850.4
2005-01-16 21:20:00,3849.9,3850.9,3849.9,3850.4
2005-01-16 21:30:00,3849.9,3850.9,3849.9,3850.4
2005-01-16 21:40:00,3849.9,3850.9,3849.9,3850.4
2005-01-16 21:50:00,3849.9,3850.9,3849.9,3850.4
2005-01-16 22:00:00,3849.9,3850.9,3849.9,3850.4
2005-01-16 22:10:00,3849.9,3850.9,3849.9,3850.4
2005-01-16 22:20:00,3849.9,3850.9,3849.9,3850.4
2005-01-16 22:30:00,3849.9,3850.9,3849.9,3850.4
2005-01-16 22:40:00,3849.9,3850.9,3849.9,3850.4
2005-01-16 22:50:00,3849.9,3850.9,3849.9,3850.4
2005-01-16 23:00:00,3849.9,3850.9,3849.9,3850.4
2005-01-16 23:10:00,3849.9,3850.9,3849.9,3850.4
2005-01-16 23:20:00,3849.9,3850.9,3849.9,3850.4
2005-01-16 23:30:00,3849.9,3850.9,3849.9,3850.4
2005-01-16 23:40:00,3849.9,3850.9,3849.9,3850.4
2005-01-16 23:50:00,3849.9,3850.9,3849.9,3850.4
2005-01-17 00:00:00,3849.9,3850.9,3849.9,3850.4
2005-01-17 00:10:00,3849.9,3850.9,3849.9,3850.4
2005-01-17 00:20:00,3849.9,3850.9,3849.9,3850.4
2005-01-17 00:30:00,3849.9,3850.9,3849.9,3850.4
2005-01-17 00:40:00,3849.9,3850.9,3849.9,3850.4
2005-01-17 00:50:00,3849.9,3850.9,3849.9,3850.4
2005-01-17 01:00:00,3849.9,3850.9,3849.9,3850.4
2005-01-17 01:10:00,3849.9,3850.9,3849.9,3850.4
2005-01-17 01:20:00,3849.9,3850.9,3849.9,3850.4
2005-01-17 01:30:00,3849.9,3850.9,3849.9,3850.4
2005-01-17 01:40:00,3849.9,3850.9,3849.9,3850.4
2005-01-17 01:50:00,3849.9,3850.9,3849.9,3850.4
2005-01-17 02:00:00,3849.9,3850.9,3849.9,3850.4
2005-01-17 02:10:00,3849.9,3850.9,3849.9,3850.4
2005-01-17 02:20:00,3849.9,3850.9,3849.9,3850.4
2005-01-17 02:30:00,3849.9,3850.9,3849.9,3850.4
2005-01-17 02:40:00,3849.9,3850.9,3849.9,3850.4
2005-01-17 02:50:00,3849.9,3850.9,3849.9,3850.4
2005-01-17 03:00:00,3849.9,3850.9,3849.9,3850.4
2005-01-17 03:10:00,3849.9,3850.9,3849.9,3850.4
2005-01-17 03:20:00,3849.9,3850.9,3849.9,3850.4
2005-01-17 03:30:00,3849.9,3850.9,3849.9,3850.4
2005-01-17 03:40:00,3849.9,3850.9,3849.9,3850.4
2005-01-17 03:50:00,3849.9,3850.9,3849.9,3850.4
2005-01-17 04:00:00,3849.9,3850.9,3849.9,3850.4
2005-01-17 04:10:00,3849.9,3850.9,3849.9,3850.4
2005-01-17 04:20:00,3849.9,3850.9,3849.9,3850.4
2005-01-17 04:30:00,3849.9,3850.9,3849.9,3850.4
2005-01-17 04:40:00,3849.9,3850.9,3849.9,3850.4
2005-01-17 04:50:00,3849.9,3850.9,3849.9,3850.4
2005-01-17 05:00:00,3849.9,3850.9,3849.9,3850.4
2005-01-17 05:10:00,3849.9,3850.9,3849.9,3850.4
2005-01-17 05:20:00,3849.9,3850.9,3849.9,3850.4
2005-01-17 05:30:00,3849.9,3850.9,3849.9,3850.4
2005-01-17 05:40:00,3849.9,3850.9,3849.9,3850.4
2005-01-17 05:50:00,3849.9,3850.9,3849.9,3850.4
2005-01-17 06:00:00,3849.9,3850.9,3849.9,3850.4
2005-01-17 06:10:00,3849.9,3850.9,3849.9,3850.4
2005-01-17 06:20:00,3849.9,3850.9,3849.9,3850.4
2005-01-17 06:30:00,3849.9,3850.9,3849.9,3850.4
2005-01-17 06:40:00,3849.9,3850.9,3849.9,3850.4
2005-01-17 06:50:00,3849.9,3850.9,3849.9,3850.4
2005-01-17 07:00:00,3864.7,3864.7,3863.2,3863.2
2005-01-17 07:10:00,3869.7,3869.7,3869.7,3869.7
2005-01-17 07:20:00,3869.7,3869.7,3869.7,3869.7
2005-01-17 07:30:00,3869.2,3869.2,3869.2,3869.2
2005-01-17 07:40:00,3868.2,3868.2,3868.2,3868.2
2005-01-17 07:50:00,3864.7,3865.2,3864.7,3865.2
2005-01-17 08:00:00,3863.7,3863.7,3861.7,3862.7
2005-01-17 08:10:00,3868.7,3869.7,3868.2,3868.7
2005-01-17 08:20:00,3869.7,3869.7,3867.7,3868.7
2005-01-17 08:30:00,3868.7,3869.2,3867.7,3869.2
2005-01-17 08:40:00,3866.7,3866.7,3866.7,3866.7
2005-01-17 08:50:00,3868.7,3869.2,3868.7,3869.2
2005-01-17 09:00:00,3868.7,3868.7,3868.2,3868.2
2005-01-17 09:10:00,3869.7,3870.7,3869.7,3870.2
2005-01-17 09:20:00,3870.7,3870.7,3870.7,3870.7
2005-01-17 09:30:00,3868.2,3868.2,3868.2,3868.2
2005-01-17 09:40:00,3869.7,3870.2,3869.7,3870.2
2005-01-17 09:50:00,3869.7,3870.2,3869.7,3870.2
2005-01-17 10:00:00,3869.2,3869.7,3869.2,3869.7
2005-01-17 10:10:00,3868.7,3869.7,3868.7,3868.7
2005-01-17 10:20:00,3872.2,3872.2,3871.2,3871.2
2005-01-17 10:30:00,3876.7,3876.7,3875.7,3875.7
2005-01-17 10:40:00,3875.7,3875.7,3875.7,3875.7
2005-01-17 10:50:00,3874.7,3874.7,3874.7,3874.7
2005-01-17 11:00:00,3874.2,3874.2,3874.2,3874.2
2005-01-17 11:10:00,3876.2,3876.2,3875.7,3875.7
2005-01-17 11:20:00,3877.2,3877.2,3877.2,3877.2
2005-01-17 11:30:00,3876.7,3877.2,3876.7,3877.2
2005-01-17 11:40:00,3877.7,3877.7,3877.7,3877.7
2005-01-17 11:50:00,3878.3,3878.3,3878.3,3878.3
2005-01-17 12:00:00,3875.8,3876.3,3875.8,3876.3
2005-01-17 12:10:00,3875.8,3876.3,3875.8,3875.8
2005-01-17 12:20:00,3874.8,3875.3,3874.8,3875.3
2005-01-17 12:30:00,3874.8,3875.8,3874.8,3875.8
2005-01-17 12:40:00,3873.3,3873.3,3872.3,3872.3
2005-01-17 12:50:00,3871.8,3872.3,3871.8,3872.3
2005-01-17 13:00:00,3872.8,3873.3,3872.8,3873.3
2005-01-17 13:10:00,3873.3,3873.3,3873.3,3873.3
2005-01-17 13:20:00,3872.8,3872.8,3872.8,3872.8
2005-01-17 13:30:00,3872.3,3872.3,3872.3,3872.3
2005-01-17 13:40:00,3873.3,3873.3,3872.8,3873.3
2005-01-17 13:50:00,3872.8,3873.3,3872.8,3873.3
2005-01-17 14:00:00,3871.8,3871.8,3870.8,3871.3
2005-01-17 14:10:00,3871.3,3871.3,3870.3,3870.3
2005-01-17 14:20:00,3873.3,3873.8,3872.8,3873.8
2005-01-17 14:30:00,3874.3,3874.3,3874.3,3874.3
2005-01-17 14:40:00,3875.8,3875.8,3875.8,3875.8
2005-01-17 14:50:00,3875.8,3876.3,3875.8,3876.3
2005-01-17 15:00:00,3874.8,3875.3,3874.8,3875.3
2005-01-17 15:10:00,3876.8,3876.8,3876.8,3876.8
2005-01-17 15:20:00,3879.3,3879.3,3878.3,3878.3
2005-01-17 15:30:00,3876.8,3876.8,3876.8,3876.8
2005-01-17 15:40:00,3877.3,3877.8,3877.3,3877.8
2005-01-17 15:50:00,3878.8,3879.8,3878.8,3879.8
2005-01-17 16:00:00,3878.3,3878.3,3877.8,3878.3
2005-01-17 16:10:00,3879.3,3879.8,3879.3,3879.3
2005-01-17 16:20:00,3881.3,3881.8,3880.3,3880.3
2005-01-17 16:30:00,3882.3,3882.3,3882.3,3882.3
2005-01-17 16:40:00,3880.8,3881.3,3880.8,3881.3
2005-01-17 16:50:00,3879.8,3879.8,3879.8,3879.8
2005-01-17 17:00:00,3878.8,3878.8,3878.8,3878.8
2005-01-17 17:10:00,3879.8,3879.8,3879.8,3879.8
2005-01-17 17:20:00,3877.8,3877.8,3877.3,3877.3
2005-01-17 17:30:00,3876.8,3876.8,3876.8,3876.8
2005-01-17 17:40:00,3875.8,3875.8,3875.8,3875.8
2005-01-17 17:50:00,3874.8,3874.8,3874.8,3874.8
2005-01-17 18:00:00,3877.3,3877.3,3877.3,3877.3
2005-01-17 18:10:00,3877.3,3877.3,3877.3,3877.3
2005-01-17 18:20:00,3877.8,3877.8,3877.8,3877.8
2005-01-17 18:30:00,3879.3,3879.3,3879.3,3879.3
2005-01-17 18:40:00,3878.8,3878.8,3878.3,3878.8
2005-01-17 18:50:00,3875.3,3876.3,3874.8,3875.3
2005-01-17 19:00:00,3875.3,3876.3,3874.8,3875.3
2005-01-17 19:10:00,3875.3,3876.3,3874.8,3875.3
2005-01-17 19:20:00,3875.3,3876.3,3874.8,3875.3
2005-01-17 19:30:00,3875.3,3876.3,3874.8,3875.3
2005-01-17 19:40:00,3875.3,3876.3,3874.8,3875.3
2005-01-17 19:50:00,3875.3,3876.3,3874.8,3875.3
2005-01-17 20:00:00,3875.3,3876.3,3874.8,3875.3
2005-01-17 20:10:00,3875.3,3876.3,3874.8,3875.3
2005-01-17 20:20:00,3875.3,3876.3,3874.8,3875.3
2005-01-17 20:30:00,3875.3,3876.3,3874.8,3875.3
2005-01-17 20:40:00,3875.3,3876.3,3874.8,3875.3
2005-01-17 20:50:00,3875.3,3876.3,3874.8,3875.3
2005-01-17 21:00:00,3875.3,3876.3,3874.8,3875.3
2005-01-17 21:10:00,3875.3,3876.3,3874.8,3875.3
2005-01-17 21:20:00,3875.3,3876.3,3874.8,3875.3
2005-01-17 21:30:00,3875.3,3876.3,3874.8,3875.3
2005-01-17 21:40:00,3875.3,3876.3,3874.8,3875.3
2005-01-17 21:50:00,3875.3,3876.3,3874.8,3875.3
2005-01-17 22:00:00,3875.3,3876.3,3874.8,3875.3
2005-01-17 22:10:00,3875.3,3876.3,3874.8,3875.3
2005-01-17 22:20:00,3875.3,3876.3,3874.8,3875.3
2005-01-17 22:30:00,3875.3,3876.3,3874.8,3875.3
2005-01-17 22:40:00,3875.3,3876.3,3874.8,3875.3
2005-01-17 22:50:00,3875.3,3876.3,3874.8,3875.3
2005-01-17 23:00:00,3875.3,3876.3,3874.8,3875.3
2005-01-17 23:10:00,3875.3,3876.3,3874.8,3875.3
2005-01-17 23:20:00,3875.3,3876.3,3874.8,3875.3
2005-01-17 23:30:00,3875.3,3876.3,3874.8,3875.3
2005-01-17 23:40:00,3875.3,3876.3,3874.8,3875.3
2005-01-17 23:50:00,3875.3,3876.3,3874.8,3875.3
2005-01-18 00:00:00,3875.3,3876.3,3874.8,3875.3
2005-01-18 00:10:00,3875.3,3876.3,3874.8,3875.3
2005-01-18 00:20:00,3875.3,3876.3,3874.8,3875.3
2005-01-18 00:30:00,3875.3,3876.3,3874.8,3875.3
2005-01-18 00:40:00,3875.3,3876.3,3874.8,3875.3
2005-01-18 00:50:00,3875.3,3876.3,3874.8,3875.3
2005-01-18 01:00:00,3875.3,3876.3,3874.8,3875.3
2005-01-18 01:10:00,3875.3,3876.3,3874.8,3875.3
2005-01-18 01:20:00,3875.3,3876.3,3874.8,3875.3
2005-01-18 01:30:00,3875.3,3876.3,3874.8,3875.3
2005-01-18 01:40:00,3875.3,3876.3,3874.8,3875.3
2005-01-18 01:50:00,3875.3,3876.3,3874.8,3875.3
2005-01-18 02:00:00,3875.3,3876.3,3874.8,3875.3
2005-01-18 02:10:00,3875.3,3876.3,3874.8,3875.3
2005-01-18 02:20:00,3875.3,3876.3,3874.8,3875.3
2005-01-18 02:30:00,3875.3,3876.3,3874.8,3875.3
2005-01-18 02:40:00,3875.3,3876.3,3874.8,3875.3
2005-01-18 02:50:00,3875.3,3876.3,3874.8,3875.3
2005-01-18 03:00:00,3875.3,3876.3,3874.8,3875.3
2005-01-18 03:10:00,3875.3,3876.3,3874.8,3875.3
2005-01-18 03:20:00,3875.3,3876.3,3874.8,3875.3
2005-01-18 03:30:00,3875.3,3876.3,3874.8,3875.3
2005-01-18 03:40:00,3875.3,3876.3,3874.8,3875.3
2005-01-18 03:50:00,3875.3,3876.3,3874.8,3875.3
2005-01-18 04:00:00,3875.3,3876.3,3874.8,3875.3
2005-01-18 04:10:00,3875.3,3876.3,3874.8,3875.3
2005-01-18 04:20:00,3875.3,3876.3,3874.8,3875.3
2005-01-18 04:30:00,3875.3,3876.3,3874.8,3875.3
2005-01-18 04:40:00,3875.3,3876.3,3874.8,3875.3
2005-01-18 04:50:00,3875.3,3876.3,3874.8,3875.3
2005-01-18 05:00:00,3875.3,3876.3,3874.8,3875.3
2005-01-18 05:10:00,3875.3,3876.3,3874.8,3875.3
2005-01-18 05:20:00,3875.3,3876.3,3874.8,3875.3
2005-01-18 05:30:00,3875.3,3876.3,3874.8,3875.3
2005-01-18 05:40:00,3875.3,3876.3,3874.8,3875.3
2005-01-18 05:50:00,3875.3,3876.3,3874.8,3875.3
2005-01-18 06:00:00,3875.3,3876.3,3874.8,3875.3
2005-01-18 06:10:00,3875.3,3876.3,3874.8,3875.3
2005-01-18 06:20:00,3875.3,3876.3,3874.8,3875.3
2005-01-18 06:30:00,3875.3,3876.3,3874.8,3875.3
2005-01-18 06:40:00,3875.3,3876.3,3874.8,3875.3
2005-01-18 06:50:00,3875.3,3876.3,3874.8,3875.3
2005-01-18 07:00:00,3873.0,3873.0,3873.0,3873.0
2005-01-18 07:10:00,3872.0,3872.5,3872.0,3872.5
2005-01-18 07:20:00,3872.0,3872.0,3872.0,3872.0
2005-01-18 07:30:00,3873.0,3873.0,3872.5,3872.5
2005-01-18 07:40:00,3870.5,3872.5,3870.5,3872.0
2005-01-18 07:50:00,3872.0,3872.0,3870.5,3871.5
2005-01-18 08:00:00,3870.5,3871.0,3870.5,3871.0
2005-01-18 08:10:00,3868.0,3868.0,3866.5,3866.5
2005-01-18 08:20:00,3862.0,3863.0,3861.5,3862.5
2005-01-18 08:30:00,3860.0,3860.0,3859.5,3860.0
2005-01-18 08:40:00,3859.5,3859.5,3859.0,3859.0
2005-01-18 08:50:00,3863.0,3863.0,3862.5,3863.0
2005-01-18 09:00:00,3864.0,3864.5,3864.0,3864.5
2005-01-18 09:10:00,3862.5,3863.0,3861.5,3861.5
2005-01-18 09:20:00,3858.0,3858.5,3857.0,3858.5
2005-01-18 09:30:00,3858.0,3858.0,3857.5,3857.5
2005-01-18 09:40:00,3855.5,3856.0,3855.0,3855.5
2005-01-18 09:50:00,3857.5,3858.0,3855.5,3855.5
2005-01-18 10:00:00,3858.5,3859.0,3858.5,3859.0
2005-01-18 10:10:00,3858.5,3858.5,3858.0,3858.0
2005-01-18 10:20:00,3860.5,3860.5,3860.0,3860.0
2005-01-18 10:30:00,3860.0,3860.0,3859.5,3860.0
2005-01-18 10:40:00,3858.0,3858.0,3857.5,3858.0
2005-01-18 10:50:00,3858.5,3858.5,3858.0,3858.0
2005-01-18 11:00:00,3858.5,3858.5,3858.0,3858.0
2005-01-18 11:10:00,3857.6,3857.6,3857.1,3857.1
2005-01-18 11:20:00,3859.1,3859.1,3858.6,3859.1
2005-01-18 11:30:00,3860.1,3860.1,3859.6,3860.1
2005-01-18 11:40:00,3860.1,3860.1,3859.6,3859.6
2005-01-18 11:50:00,3860.6,3861.1,3860.6,3861.1
2005-01-18 12:00:00,3860.1,3861.1,3860.1,3861.1
2005-01-18 12:10:00,3859.1,3859.1,3859.1,3859.1
2005-01-18 12:20:00,3856.6,3856.6,3856.6,3856.6
2005-01-18 12:30:00,3857.6,3857.6,3857.6,3857.6
2005-01-18 12:40:00,3859.6,3859.6,3858.6,3858.6
2005-01-18 12:50:00,3859.1,3859.1,3859.1,3859.1
2005-01-18 13:00:00,3857.1,3857.1,3856.6,3856.6
2005-01-18 13:10:00,3857.6,3859.6,3857.6,3857.6
2005-01-18 13:20:00,3854.1,3855.6,3853.1,3855.1
2005-01-18 13:30:00,3854.6,3855.1,3854.6,3854.6
2005-01-18 13:40:00,3855.1,3855.6,3854.6,3855.6
2005-01-18 13:50:00,3852.6,3852.6,3852.1,3852.1
2005-01-18 14:00:00,3849.6,3850.6,3849.6,3850.1
2005-01-18 14:10:00,3851.6,3852.1,3850.6,3851.1
2005-01-18 14:20:00,3852.1,3852.6,3851.1,3851.1
2005-01-18 14:30:00,3851.1,3851.1,3850.1,3850.6
2005-01-18 14:40:00,3854.1,3854.1,3853.1,3854.1
2005-01-18 14:50:00,3854.6,3855.1,3854.6,3854.6
2005-01-18 15:00:00,3854.6,3854.6,3854.1,3854.1
2005-01-18 15:10:00,3856.1,3856.1,3855.1,3855.6
2005-01-18 15:20:00,3862.1,3862.1,3861.1,3862.1
2005-01-18 15:30:00,3869.6,3870.6,3869.1,3869.6
2005-01-18 15:40:00,3871.6,3872.6,3871.1,3871.6
2005-01-18 15:50:00,3873.6,3873.6,3872.1,3872.1
2005-01-18 16:00:00,3873.6,3874.1,3873.1,3873.1
2005-01-18 16:10:00,3875.6,3875.6,3873.6,3874.1
2005-01-18 16:20:00,3875.6,3876.1,3875.1,3875.6
2005-01-18 16:30:00,3879.1,3880.6,3879.1,3880.1
2005-01-18 16:40:00,3882.1,3882.1,3881.6,3882.1
2005-01-18 16:50:00,3881.6,3882.1,3881.6,3882.1
2005-01-18 17:00:00,3885.1,3885.1,3883.1,3883.1
2005-01-18 17:10:00,3883.6,3883.6,3883.6,3883.6
2005-01-18 17:20:00,3884.1,3884.6,3884.1,3884.6
2005-01-18 17:30:00,3883.6,3883.6,3883.6,3883.6
2005-01-18 17:40:00,3885.1,3885.6,3885.1,3885.6
2005-01-18 17:50:00,3884.1,3884.6,3884.1,3884.6
2005-01-18 18:00:00,3884.6,3884.6,3884.6,3884.6
2005-01-18 18:10:00,3883.1,3883.1,3882.1,3882.1
2005-01-18 18:20:00,3883.6,3883.6,3883.6,3883.6
2005-01-18 18:30:00,3885.1,3885.1,3885.1,3885.1
2005-01-18 18:40:00,3887.1,3887.1,3886.6,3886.6
2005-01-18 18:50:00,3883.1,3884.6,3883.1,3884.6
2005-01-18 19:00:00,3883.1,3884.6,3883.1,3884.6
2005-01-18 19:10:00,3883.1,3884.6,3883.1,3884.6
2005-01-18 19:20:00,3883.1,3884.6,3883.1,3884.6
2005-01-18 19:30:00,3883.1,3884.6,3883.1,3884.6
2005-01-18 19:40:00,3883.1,3884.6,3883.1,3884.6
2005-01-18 19:50:00,3883.1,3884.6,3883.1,3884.6
2005-01-18 20:00:00,3883.1,3884.6,3883.1,3884.6
2005-01-18 20:10:00,3883.1,3884.6,3883.1,3884.6
2005-01-18 20:20:00,3883.1,3884.6,3883.1,3884.6
2005-01-18 20:30:00,3883.1,3884.6,3883.1,3884.6
2005-01-18 20:40:00,3883.1,3884.6,3883.1,3884.6
2005-01-18 20:50:00,3883.1,3884.6,3883.1,3884.6
2005-01-18 21:00:00,3883.1,3884.6,3883.1,3884.6
2005-01-18 21:10:00,3883.1,3884.6,3883.1,3884.6
2005-01-18 21:20:00,3883.1,3884.6,3883.1,3884.6
2005-01-18 21:30:00,3883.1,3884.6,3883.1,3884.6
2005-01-18 21:40:00,3883.1,3884.6,3883.1,3884.6
2005-01-18 21:50:00,3883.1,3884.6,3883.1,3884.6
2005-01-18 22:00:00,3883.1,3884.6,3883.1,3884.6
2005-01-18 22:10:00,3883.1,3884.6,3883.1,3884.6
2005-01-18 22:20:00,3883.1,3884.6,3883.1,3884.6
2005-01-18 22:30:00,3883.1,3884.6,3883.1,3884.6
2005-01-18 22:40:00,3883.1,3884.6,3883.1,3884.6
2005-01-18 22:50:00,3883.1,3884.6,3883.1,3884.6
2005-01-18 23:00:00,3883.1,3884.6,3883.1,3884.6
2005-01-18 23:10:00,3883.1,3884.6,3883.1,3884.6
2005-01-18 23:20:00,3883.1,3884.6,3883.1,3884.6
2005-01-18 23:30:00,3883.1,3884.6,3883.1,3884.6
2005-01-18 23:40:00,3883.1,3884.6,3883.1,3884.6
2005-01-18 23:50:00,3883.1,3884.6,3883.1,3884.6
2005-01-19 00:00:00,3883.1,3884.6,3883.1,3884.6
2005-01-19 00:10:00,3883.1,3884.6,3883.1,3884.6
2005-01-19 00:20:00,3883.1,3884.6,3883.1,3884.6
2005-01-19 00:30:00,3883.1,3884.6,3883.1,3884.6
2005-01-19 00:40:00,3883.1,3884.6,3883.1,3884.6
2005-01-19 00:50:00,3883.1,3884.6,3883.1,3884.6
2005-01-19 01:00:00,3883.1,3884.6,3883.1,3884.6
2005-01-19 01:10:00,3883.1,3884.6,3883.1,3884.6
2005-01-19 01:20:00,3883.1,3884.6,3883.1,3884.6
2005-01-19 01:30:00,3883.1,3884.6,3883.1,3884.6
2005-01-19 01:40:00,3883.1,3884.6,3883.1,3884.6
2005-01-19 01:50:00,3883.1,3884.6,3883.1,3884.6
2005-01-19 02:00:00,3883.1,3884.6,3883.1,3884.6
2005-01-19 02:10:00,3883.1,3884.6,3883.1,3884.6
2005-01-19 02:20:00,3883.1,3884.6,3883.1,3884.6
2005-01-19 02:30:00,3883.1,3884.6,3883.1,3884.6
2005-01-19 02:40:00,3883.1,3884.6,3883.1,3884.6
2005-01-19 02:50:00,3883.1,3884.6,3883.1,3884.6
2005-01-19 03:00:00,3883.1,3884.6,3883.1,3884.6
2005-01-19 03:10:00,3883.1,3884.6,3883.1,3884.6
2005-01-19 03:20:00,3883.1,3884.6,3883.1,3884.6
2005-01-19 03:30:00,3883.1,3884.6,3883.1,3884.6
2005-01-19 03:40:00,3883.1,3884.6,3883.1,3884.6
2005-01-19 03:50:00,3883.1,3884.6,3883.1,3884.6
2005-01-19 04:00:00,3883.1,3884.6,3883.1,3884.6
2005-01-19 04:10:00,3883.1,3884.6,3883.1,3884.6
2005-01-19 04:20:00,3883.1,3884.6,3883.1,3884.6
2005-01-19 04:30:00,3883.1,3884.6,3883.1,3884.6
2005-01-19 04:40:00,3883.1,3884.6,3883.1,3884.6
2005-01-19 04:50:00,3883.1,3884.6,3883.1,3884.6
2005-01-19 05:00:00,3883.1,3884.6,3883.1,3884.6
2005-01-19 05:10:00,3883.1,3884.6,3883.1,3884.6
2005-01-19 05:20:00,3883.1,3884.6,3883.1,3884.6
2005-01-19 05:30:00,3883.1,3884.6,3883.1,3884.6
2005-01-19 05:40:00,3883.1,3884.6,3883.1,3884.6
2005-01-19 05:50:00,3883.1,3884.6,3883.1,3884.6
2005-01-19 06:00:00,3883.1,3884.6,3883.1,3884.6
2005-01-19 06:10:00,3883.1,3884.6,3883.1,3884.6
2005-01-19 06:20:00,3883.1,3884.6,3883.1,3884.6
2005-01-19 06:30:00,3883.1,3884.6,3883.1,3884.6
2005-01-19 06:40:00,3883.1,3884.6,3883.1,3884.6
2005-01-19 06:50:00,3883.1,3884.6,3883.1,3884.6
2005-01-19 07:00:00,3886.8,3887.3,3886.8,3887.3
2005-01-19 07:10:00,3886.8,3886.8,3886.8,3886.8
2005-01-19 07:20:00,3887.3,3887.3,3887.3,3887.3
2005-01-19 07:30:00,3885.3,3885.3,3885.3,3885.3
2005-01-19 07:40:00,3886.3,3886.3,3886.3,3886.3
2005-01-19 07:50:00,3883.8,3883.8,3883.3,3883.3
2005-01-19 08:00:00,3876.3,3876.8,3875.8,3876.8
2005-01-19 08:10:00,3877.3,3878.3,3876.8,3877.3
2005-01-19 08:20:00,3883.3,3884.8,3883.3,3883.3
2005-01-19 08:30:00,3886.8,3887.3,3885.3,3886.3
2005-01-19 08:40:00,3888.3,3888.8,3888.3,3888.8
2005-01-19 08:50:00,3885.3,3885.8,3884.8,3885.3
2005-01-19 09:00:00,3887.8,3889.3,3887.8,3888.3
2005-01-19 09:10:00,3883.8,3884.3,3883.3,3883.3
2005-01-19 09:20:00,3883.8,3884.3,3883.8,3884.3
2005-01-19 09:30:00,3889.3,3889.8,3889.3,3889.8
2005-01-19 09:40:00,3886.8,3887.8,3886.3,3887.8
2005-01-19 09:50:00,3884.3,3885.3,3884.3,3885.3
2005-01-19 10:00:00,3883.8,3884.3,3883.3,3883.3
2005-01-19 10:10:00,3885.8,3885.8,3885.3,3885.3
2005-01-19 10:20:00,3888.8,3888.8,3887.8,3888.8
2005-01-19 10:30:00,3887.8,3888.3,3887.8,3888.3
2005-01-19 10:40:00,3887.3,3887.3,3886.8,3887.3
2005-01-19 10:50:00,3882.3,3882.8,3882.3,3882.3
2005-01-19 11:00:00,3881.8,3882.3,3881.8,3882.3
2005-01-19 11:10:00,3883.3,3883.8,3883.3,3883.8
2005-01-19 11:20:00,3882.8,3882.8,3882.8,3882.8
2005-01-19 11:30:00,3883.4,3883.4,3883.4,3883.4
2005-01-19 11:40:00,3883.4,3883.4,3882.9,3883.4
2005-01-19 11:50:00,3878.4,3878.4,3877.9,3877.9
2005-01-19 12:00:00,3872.4,3874.4,3872.4,3874.4
2005-01-19 12:10:00,3872.4,3872.4,3871.4,3871.4
2005-01-19 12:20:00,3870.9,3870.9,3870.4,3870.4
2005-01-19 12:30:00,3872.4,3872.4,3871.9,3872.4
2005-01-19 12:40:00,3870.9,3871.4,3870.9,3870.9
2005-01-19 12:50:00,3872.4,3872.9,3872.4,3872.9
2005-01-19 13:00:00,3872.4,3872.4,3872.4,3872.4
2005-01-19 13:10:00,3873.4,3873.4,3872.9,3873.4
2005-01-19 13:20:00,3874.9,3874.9,3873.4,3873.9
2005-01-19 13:30:00,3879.9,3879.9,3879.4,3879.4
2005-01-19 13:40:00,3884.9,3884.9,3883.4,3883.4
2005-01-19 13:50:00,3884.9,3884.9,3884.4,3884.9
2005-01-19 14:00:00,3881.4,3881.4,3880.9,3880.9
2005-01-19 14:10:00,3879.9,3879.9,3879.4,3879.9
2005-01-19 14:20:00,3878.9,3878.9,3878.9,3878.9
2005-01-19 14:30:00,3872.9,3874.4,3872.9,3874.4
2005-01-19 14:40:00,3869.9,3871.9,3869.9,3870.9
2005-01-19 14:50:00,3871.9,3872.4,3870.9,3871.9
2005-01-19 15:00:00,3872.4,3872.9,3871.4,3872.4
2005-01-19 15:10:00,3870.4,3870.9,3869.9,3870.4
2005-01-19 15:20:00,3869.9,3870.9,3869.9,3870.9
2005-01-19 15:30:00,3865.9,3866.9,3865.4,3865.4
2005-01-19 15:40:00,3867.9,3868.9,3867.4,3867.4
2005-01-19 15:50:00,3870.9,3871.9,3870.4,3870.4
2005-01-19 16:00:00,3873.4,3873.4,3872.4,3873.4
2005-01-19 16:10:00,3867.9,3868.9,3867.9,3868.4
2005-01-19 16:20:00,3870.4,3871.9,3870.4,3870.9
2005-01-19 16:30:00,3869.9,3870.4,3869.9,3870.4
2005-01-19 16:40:00,3866.4,3867.4,3866.4,3867.4
2005-01-19 16:50:00,3865.9,3866.9,3865.9,3866.9
2005-01-19 17:00:00,3864.4,3864.9,3864.4,3864.9
2005-01-19 17:10:00,3866.9,3866.9,3866.4,3866.4
2005-01-19 17:20:00,3869.4,3869.4,3868.4,3868.4
2005-01-19 17:30:00,3871.4,3871.4,3870.9,3871.4
2005-01-19 17:40:00,3871.4,3872.4,3871.4,3872.4
2005-01-19 17:50:00,3872.4,3872.4,3872.4,3872.4
2005-01-19 18:00:00,3871.9,3871.9,3871.4,3871.4
2005-01-19 18:10:00,3874.4,3874.4,3874.4,3874.4
2005-01-19 18:20:00,3873.9,3873.9,3873.9,3873.9
2005-01-19 18:30:00,3872.9,3872.9,3872.9,3872.9
2005-01-19 18:40:00,3872.4,3874.4,3872.4,3873.4
2005-01-19 18:50:00,3869.4,3870.4,3869.4,3869.9
2005-01-19 19:00:00,3869.4,3870.4,3869.4,3869.9
2005-01-19 19:10:00,3869.4,3870.4,3869.4,3869.9
2005-01-19 19:20:00,3869.4,3870.4,3869.4,3869.9
2005-01-19 19:30:00,3869.4,3870.4,3869.4,3869.9
2005-01-19 19:40:00,3869.4,3870.4,3869.4,3869.9
2005-01-19 19:50:00,3869.4,3870.4,3869.4,3869.9
2005-01-19 20:00:00,3869.4,3870.4,3869.4,3869.9
2005-01-19 20:10:00,3869.4,3870.4,3869.4,3869.9
2005-01-19 20:20:00,3869.4,3870.4,3869.4,3869.9
2005-01-19 20:30:00,3869.4,3870.4,3869.4,3869.9
2005-01-19 20:40:00,3869.4,3870.4,3869.4,3869.9
2005-01-19 20:50:00,3869.4,3870.4,3869.4,3869.9
2005-01-19 21:00:00,3869.4,3870.4,3869.4,3869.9
2005-01-19 21:10:00,3869.4,3870.4,3869.4,3869.9
2005-01-19 21:20:00,3869.4,3870.4,3869.4,3869.9
2005-01-19 21:30:00,3869.4,3870.4,3869.4,3869.9
2005-01-19 21:40:00,3869.4,3870.4,3869.4,3869.9
2005-01-19 21:50:00,3869.4,3870.4,3869.4,3869.9
2005-01-19 22:00:00,3869.4,3870.4,3869.4,3869.9
2005-01-19 22:10:00,3869.4,3870.4,3869.4,3869.9
2005-01-19 22:20:00,3869.4,3870.4,3869.4,3869.9
2005-01-19 22:30:00,3869.4,3870.4,3869.4,3869.9
2005-01-19 22:40:00,3869.4,3870.4,3869.4,3869.9
2005-01-19 22:50:00,3869.4,3870.4,3869.4,3869.9
2005-01-19 23:00:00,3869.4,3870.4,3869.4,3869.9
2005-01-19 23:10:00,3869.4,3870.4,3869.4,3869.9
2005-01-19 23:20:00,3869.4,3870.4,3869.4,3869.9
2005-01-19 23:30:00,3869.4,3870.4,3869.4,3869.9
2005-01-19 23:40:00,3869.4,3870.4,3869.4,3869.9
2005-01-19 23:50:00,3869.4,3870.4,3869.4,3869.9
2005-01-20 00:00:00,3869.4,3870.4,3869.4,3869.9
2005-01-20 00:10:00,3869.4,3870.4,3869.4,3869.9
2005-01-20 00:20:00,3869.4,3870.4,3869.4,3869.9
2005-01-20 00:30:00,3869.4,3870.4,3869.4,3869.9
2005-01-20 00:40:00,3869.4,3870.4,3869.4,3869.9
2005-01-20 00:50:00,3869.4,3870.4,3869.4,3869.9
2005-01-20 01:00:00,3869.4,3870.4,3869.4,3869.9
2005-01-20 01:10:00,3869.4,3870.4,3869.4,3869.9
2005-01-20 01:20:00,3869.4,3870.4,3869.4,3869.9
2005-01-20 01:30:00,3869.4,3870.4,3869.4,3869.9
2005-01-20 01:40:00,3869.4,3870.4,3869.4,3869.9
2005-01-20 01:50:00,3869.4,3870.4,3869.4,3869.9
2005-01-20 02:00:00,3869.4,3870.4,3869.4,3869.9
2005-01-20 02:10:00,3869.4,3870.4,3869.4,3869.9
2005-01-20 02:20:00,3869.4,3870.4,3869.4,3869.9
2005-01-20 02:30:00,3869.4,3870.4,3869.4,3869.9
2005-01-20 02:40:00,3869.4,3870.4,3869.4,3869.9
2005-01-20 02:50:00,3869.4,3870.4,3869.4,3869.9
2005-01-20 03:00:00,3869.4,3870.4,3869.4,3869.9
2005-01-20 03:10:00,3869.4,3870.4,3869.4,3869.9
2005-01-20 03:20:00,3869.4,3870.4,3869.4,3869.9
2005-01-20 03:30:00,3869.4,3870.4,3869.4,3869.9
2005-01-20 03:40:00,3869.4,3870.4,3869.4,3869.9
2005-01-20 03:50:00,3869.4,3870.4,3869.4,3869.9
2005-01-20 04:00:00,3869.4,3870.4,3869.4,3869.9
2005-01-20 04:10:00,3869.4,3870.4,3869.4,3869.9
2005-01-20 04:20:00,3869.4,3870.4,3869.4,3869.9
2005-01-20 04:30:00,3869.4,3870.4,3869.4,3869.9
2005-01-20 04:40:00,3869.4,3870.4,3869.4,3869.9
2005-01-20 04:50:00,3869.4,3870.4,3869.4,3869.9
2005-01-20 05:00:00,3869.4,3870.4,3869.4,3869.9
2005-01-20 05:10:00,3869.4,3870.4,3869.4,3869.9
2005-01-20 05:20:00,3869.4,3870.4,3869.4,3869.9
2005-01-20 05:30:00,3869.4,3870.4,3869.4,3869.9
2005-01-20 05:40:00,3869.4,3870.4,3869.4,3869.9
2005-01-20 05:50:00,3869.4,3870.4,3869.4,3869.9
2005-01-20 06:00:00,3869.4,3870.4,3869.4,3869.9
2005-01-20 06:10:00,3869.4,3870.4,3869.4,3869.9
2005-01-20 06:20:00,3869.4,3870.4,3869.4,3869.9
2005-01-20 06:30:00,3869.4,3870.4,3869.4,3869.9
2005-01-20 06:40:00,3869.4,3870.4,3869.4,3869.9
2005-01-20 06:50:00,3869.4,3870.4,3869.4,3869.9
2005-01-20 07:00:00,3840.1,3840.1,3839.6,3839.6
2005-01-20 07:10:00,3840.6,3840.6,3840.1,3840.1
2005-01-20 07:20:00,3841.1,3841.1,3841.1,3841.1
2005-01-20 07:30:00,3841.6,3841.6,3841.6,3841.6
2005-01-20 07:40:00,3840.6,3841.1,3840.6,3841.1
2005-01-20 07:50:00,3843.1,3844.1,3842.1,3843.1
2005-01-20 08:00:00,3847.6,3848.1,3846.6,3847.1
2005-01-20 08:10:00,3835.6,3836.6,3835.6,3836.6
2005-01-20 08:20:00,3844.6,3845.6,3843.6,3844.1
2005-01-20 08:30:00,3840.6,3840.6,3839.6,3840.1
2005-01-20 08:40:00,3837.1,3838.1,3836.6,3838.1
2005-01-20 08:50:00,3837.6,3837.6,3837.6,3837.6
2005-01-20 09:00:00,3841.1,3841.6,3841.1,3841.6
2005-01-20 09:10:00,3840.1,3840.6,3840.1,3840.1
2005-01-20 09:20:00,3839.1,3839.6,3838.1,3838.1
2005-01-20 09:30:00,3839.6,3839.6,3839.6,3839.6
2005-01-20 09:40:00,3837.6,3837.6,3837.1,3837.1
2005-01-20 09:50:00,3842.1,3842.6,3841.6,3841.6
2005-01-20 10:00:00,3838.6,3839.1,3838.1,3839.1
2005-01-20 10:10:00,3840.1,3840.1,3840.1,3840.1
2005-01-20 10:20:00,3839.6,3839.6,3839.1,3839.6
2005-01-20 10:30:00,3843.1,3843.1,3842.1,3842.6
2005-01-20 10:40:00,3841.6,3841.6,3840.6,3841.1
2005-01-20 10:50:00,3843.2,3843.2,3842.7,3843.2
2005-01-20 11:00:00,3846.7,3846.7,3846.2,3846.2
2005-01-20 11:10:00,3844.7,3845.2,3844.2,3844.2
2005-01-20 11:20:00,3845.7,3845.7,3845.7,3845.7
2005-01-20 11:30:00,3846.2,3846.2,3845.7,3845.7
2005-01-20 11:40:00,3840.2,3840.7,3839.7,3840.2
2005-01-20 11:50:00,3842.7,3844.2,3842.7,3843.7
2005-01-20 12:00:00,3840.2,3840.7,3840.2,3840.7
2005-01-20 12:10:00,3842.2,3842.2,3842.2,3842.2
2005-01-20 12:20:00,3840.2,3840.2,3840.2,3840.2
2005-01-20 12:30:00,3838.7,3838.7,3838.2,3838.2
2005-01-20 12:40:00,3840.7,3841.2,3840.7,3841.2
2005-01-20 12:50:00,3840.7,3840.7,3840.7,3840.7
2005-01-20 13:00:00,3839.7,3839.7,3839.7,3839.7
2005-01-20 13:10:00,3839.7,3839.7,3839.2,3839.2
2005-01-20 13:20:00,3840.7,3840.7,3840.7,3840.7
2005-01-20 13:30:00,3841.7,3842.7,3840.7,3842.7
2005-01-20 13:40:00,3840.7,3840.7,3840.2,3840.7
2005-01-20 13:50:00,3841.2,3841.2,3840.7,3840.7
2005-01-20 14:00:00,3841.2,3841.2,3841.2,3841.2
2005-01-20 14:10:00,3842.7,3842.7,3841.7,3842.2
2005-01-20 14:20:00,3842.7,3842.7,3842.7,3842.7
2005-01-20 14:30:00,3841.7,3842.2,3841.7,3842.2
2005-01-20 14:40:00,3837.2,3837.7,3836.2,3836.7
2005-01-20 14:50:00,3836.7,3837.7,3836.7,3837.2
2005-01-20 15:00:00,3844.7,3844.7,3843.7,3844.2
2005-01-20 15:10:00,3847.2,3847.7,3846.7,3847.2
2005-01-20 15:20:00,3843.2,3843.7,3840.7,3840.7
2005-01-20 15:30:00,3842.7,3842.7,3841.7,3842.2
2005-01-20 15:40:00,3843.2,3843.7,3841.7,3842.2
2005-01-20 15:50:00,3845.7,3845.7,3845.2,3845.7
2005-01-20 16:00:00,3849.2,3850.7,3848.7,3850.2
2005-01-20 16:10:00,3847.2,3848.7,3847.2,3848.2
2005-01-20 16:20:00,3844.7,3848.7,3844.7,3847.7
2005-01-20 16:30:00,3845.7,3845.7,3845.7,3845.7
2005-01-20 16:40:00,3845.7,3846.2,3845.7,3846.2
2005-01-20 16:50:00,3842.7,3842.7,3842.2,3842.2
2005-01-20 17:00:00,3840.2,3840.7,3840.2,3840.7
2005-01-20 17:10:00,3839.7,3839.7,3839.2,3839.2
2005-01-20 17:20:00,3838.2,3838.2,3838.2,3838.2
2005-01-20 17:30:00,3835.2,3835.7,3835.2,3835.7
2005-01-20 17:40:00,3832.2,3832.2,3832.2,3832.2
2005-01-20 17:50:00,3832.2,3832.2,3830.7,3830.7
2005-01-20 18:00:00,3835.2,3835.2,3835.2,3835.2
2005-01-20 18:10:00,3821.7,3823.2,3820.7,3823.2
2005-01-20 18:20:00,3825.7,3825.7,3825.7,3825.7
2005-01-20 18:30:00,3826.7,3826.7,3826.2,3826.2
2005-01-20 18:40:00,3824.2,3824.2,3824.2,3824.2
2005-01-20 18:50:00,3822.3,3822.3,3820.8,3822.3
2005-01-20 19:00:00,3822.3,3822.3,3820.8,3822.3
2005-01-20 19:10:00,3822.3,3822.3,3820.8,3822.3
2005-01-20 19:20:00,3822.3,3822.3,3820.8,3822.3
2005-01-20 19:30:00,3822.3,3822.3,3820.8,3822.3
2005-01-20 19:40:00,3822.3,3822.3,3820.8,3822.3
2005-01-20 19:50:00,3822.3,3822.3,3820.8,3822.3
2005-01-20 20:00:00,3822.3,3822.3,3820.8,3822.3
2005-01-20 20:10:00,3822.3,3822.3,3820.8,3822.3
2005-01-20 20:20:00,3822.3,3822.3,3820.8,3822.3
2005-01-20 20:30:00,3822.3,3822.3,3820.8,3822.3
2005-01-20 20:40:00,3822.3,3822.3,3820.8,3822.3
2005-01-20 20:50:00,3822.3,3822.3,3820.8,3822.3
2005-01-20 21:00:00,3822.3,3822.3,3820.8,3822.3
2005-01-20 21:10:00,3822.3,3822.3,3820.8,3822.3
2005-01-20 21:20:00,3822.3,3822.3,3820.8,3822.3
2005-01-20 21:30:00,3822.3,3822.3,3820.8,3822.3
2005-01-20 21:40:00,3822.3,3822.3,3820.8,3822.3
2005-01-20 21:50:00,3822.3,3822.3,3820.8,3822.3
2005-01-20 22:00:00,3822.3,3822.3,3820.8,3822.3
2005-01-20 22:10:00,3822.3,3822.3,3820.8,3822.3
2005-01-20 22:20:00,3822.3,3822.3,3820.8,3822.3
2005-01-20 22:30:00,3822.3,3822.3,3820.8,3822.3
2005-01-20 22:40:00,3822.3,3822.3,3820.8,3822.3
2005-01-20 22:50:00,3822.3,3822.3,3820.8,3822.3
2005-01-20 23:00:00,3822.3,3822.3,3820.8,3822.3
2005-01-20 23:10:00,3822.3,3822.3,3820.8,3822.3
2005-01-20 23:20:00,3822.3,3822.3,3820.8,3822.3
2005-01-20 23:30:00,3822.3,3822.3,3820.8,3822.3
2005-01-20 23:40:00,3822.3,3822.3,3820.8,3822.3
2005-01-20 23:50:00,3822.3,3822.3,3820.8,3822.3
2005-01-21 00:00:00,3822.3,3822.3,3820.8,3822.3
2005-01-21 00:10:00,3822.3,3822.3,3820.8,3822.3
2005-01-21 00:20:00,3822.3,3822.3,3820.8,3822.3
2005-01-21 00:30:00,3822.3,3822.3,3820.8,3822.3
2005-01-21 00:40:00,3822.3,3822.3,3820.8,3822.3
2005-01-21 00:50:00,3822.3,3822.3,3820.8,3822.3
2005-01-21 01:00:00,3822.3,3822.3,3820.8,3822.3
2005-01-21 01:10:00,3822.3,3822.3,3820.8,3822.3
2005-01-21 01:20:00,3822.3,3822.3,3820.8,3822.3
2005-01-21 01:30:00,3822.3,3822.3,3820.8,3822.3
2005-01-21 01:40:00,3822.3,3822.3,3820.8,3822.3
2005-01-21 01:50:00,3822.3,3822.3,3820.8,3822.3
2005-01-21 02:00:00,3822.3,3822.3,3820.8,3822.3
2005-01-21 02:10:00,3822.3,3822.3,3820.8,3822.3
2005-01-21 02:20:00,3822.3,3822.3,3820.8,3822.3
2005-01-21 02:30:00,3822.3,3822.3,3820.8,3822.3
2005-01-21 02:40:00,3822.3,3822.3,3820.8,3822.3
2005-01-21 02:50:00,3822.3,3822.3,3820.8,3822.3
2005-01-21 03:00:00,3822.3,3822.3,3820.8,3822.3
2005-01-21 03:10:00,3822.3,3822.3,3820.8,3822.3
2005-01-21 03:20:00,3822.3,3822.3,3820.8,3822.3
2005-01-21 03:30:00,3822.3,3822.3,3820.8,3822.3
2005-01-21 03:40:00,3822.3,3822.3,3820.8,3822.3
2005-01-21 03:50:00,3822.3,3822.3,3820.8,3822.3
2005-01-21 04:00:00,3822.3,3822.3,3820.8,3822.3
2005-01-21 04:10:00,3822.3,3822.3,3820.8,3822.3
2005-01-21 04:20:00,3822.3,3822.3,3820.8,3822.3
2005-01-21 04:30:00,3822.3,3822.3,3820.8,3822.3
2005-01-21 04:40:00,3822.3,3822.3,3820.8,3822.3
2005-01-21 04:50:00,3822.3,3822.3,3820.8,3822.3
2005-01-21 05:00:00,3822.3,3822.3,3820.8,3822.3
2005-01-21 05:10:00,3822.3,3822.3,3820.8,3822.3
2005-01-21 05:20:00,3822.3,3822.3,3820.8,3822.3
2005-01-21 05:30:00,3822.3,3822.3,3820.8,3822.3
2005-01-21 05:40:00,3822.3,3822.3,3820.8,3822.3
2005-01-21 05:50:00,3822.3,3822.3,3820.8,3822.3
2005-01-21 06:00:00,3822.3,3822.3,3820.8,3822.3
2005-01-21 06:10:00,3822.3,3822.3,3820.8,3822.3
2005-01-21 06:20:00,3822.3,3822.3,3820.8,3822.3
2005-01-21 06:30:00,3822.3,3822.3,3820.8,3822.3
2005-01-21 06:40:00,3822.3,3822.3,3820.8,3822.3
2005-01-21 06:50:00,3822.3,3822.3,3820.8,3822.3
2005-01-21 07:00:00,3825.0,3825.0,3825.0,3825.0
2005-01-21 07:10:00,3827.5,3828.0,3827.0,3827.0
2005-01-21 07:20:00,3827.0,3827.0,3827.0,3827.0
2005-01-21 07:30:00,3829.5,3829.5,3829.5,3829.5
2005-01-21 07:40:00,3831.0,3831.0,3831.0,3831.0
2005-01-21 07:50:00,3829.0,3829.0,3828.0,3828.5
2005-01-21 08:00:00,3828.5,3830.0,3828.5,3829.5
2005-01-21 08:10:00,3828.0,3828.5,3827.5,3827.5
2005-01-21 08:20:00,3835.0,3835.5,3834.0,3834.0
2005-01-21 08:30:00,3835.5,3835.5,3835.0,3835.0
2005-01-21 08:40:00,3833.5,3833.5,3833.5,3833.5
2005-01-21 08:50:00,3832.5,3833.0,3832.5,3833.0
2005-01-21 09:00:00,3838.5,3839.0,3838.0,3839.0
2005-01-21 09:10:00,3840.5,3841.0,3840.0,3840.5
2005-01-21 09:20:00,3839.0,3839.0,3838.5,3838.5
2005-01-21 09:30:00,3837.5,3837.5,3837.0,3837.5
2005-01-21 09:40:00,3836.0,3836.0,3836.0,3836.0
2005-01-21 09:50:00,3837.5,3837.5,3836.5,3836.5
2005-01-21 10:00:00,3836.5,3836.5,3835.5,3835.5
2005-01-21 10:10:00,3835.0,3836.0,3835.0,3836.0
2005-01-21 10:20:00,3834.0,3834.0,3834.0,3834.0
2005-01-21 10:30:00,3834.0,3834.0,3834.0,3834.0
2005-01-21 10:40:00,3828.1,3830.0,3828.1,3829.0
2005-01-21 10:50:00,3832.0,3832.0,3831.5,3831.5
2005-01-21 11:00:00,3832.5,3832.5,3832.5,3832.5
2005-01-21 11:10:00,3830.1,3830.6,3829.6,3830.1
2005-01-21 11:20:00,3829.6,3829.6,3829.6,3829.6
2005-01-21 11:30:00,3832.6,3833.0,3832.6,3833.0
2005-01-21 11:40:00,3832.6,3833.1,3832.1,3833.1
2005-01-21 11:50:00,3833.1,3833.1,3832.1,3832.1
2005-01-21 12:00:00,3834.1,3834.1,3834.1,3834.1
2005-01-21 12:10:00,3836.1,3836.1,3836.1,3836.1
2005-01-21 12:20:00,3837.6,3837.6,3835.6,3836.1
2005-01-21 12:30:00,3837.1,3837.6,3837.1,3837.6
2005-01-21 12:40:00,3836.1,3837.1,3836.1,3837.1
2005-01-21 12:50:00,3838.1,3838.1,3838.1,3838.1
2005-01-21 13:00:00,3838.6,3838.6,3838.6,3838.6
2005-01-21 13:10:00,3838.6,3838.6,3838.6,3838.6
2005-01-21 13:20:00,3840.1,3840.1,3839.6,3839.6
2005-01-21 13:30:00,3838.6,3838.6,3838.6,3838.6
2005-01-21 13:40:00,3840.1,3840.6,3840.1,3840.6
2005-01-21 13:50:00,3841.1,3842.1,3841.1,3841.6
2005-01-21 14:00:00,3839.6,3839.6,3839.6,3839.6
2005-01-21 14:10:00,3840.6,3841.1,3840.6,3841.1
2005-01-21 14:20:00,3843.1,3844.1,3843.1,3844.1
2005-01-21 14:30:00,3845.6,3846.1,3845.1,3846.1
2005-01-21 14:40:00,3837.6,3838.6,3836.1,3836.6
2005-01-21 14:50:00,3840.6,3841.1,3839.1,3839.1
2005-01-21 15:00:00,3842.6,3845.1,3841.6,3845.1
2005-01-21 15:10:00,3840.6,3841.6,3840.1,3841.1
2005-01-21 15:20:00,3847.6,3847.6,3846.6,3847.6
2005-01-21 15:30:00,3849.1,3849.1,3848.6,3848.6
2005-01-21 15:40:00,3851.1,3851.6,3849.6,3850.1
2005-01-21 15:50:00,3848.6,3848.6,3848.1,3848.6
2005-01-21 16:00:00,3847.6,3849.1,3846.6,3846.6
2005-01-21 16:10:00,3848.1,3849.1,3847.6,3847.6
2005-01-21 16:20:00,3849.1,3850.1,3848.6,3850.1
2005-01-21 16:30:00,3844.1,3844.6,3844.1,3844.6
2005-01-21 16:40:00,3841.6,3841.6,3841.6,3841.6
2005-01-21 16:50:00,3841.6,3841.6,3841.6,3841.6
2005-01-21 17:00:00,3838.1,3838.1,3837.1,3837.1
2005-01-21 17:10:00,3837.1,3837.6,3836.6,3837.1
2005-01-21 17:20:00,3840.1,3840.1,3839.6,3839.6
2005-01-21 17:30:00,3840.1,3840.1,3840.1,3840.1
2005-01-21 17:40:00,3841.6,3841.6,3841.6,3841.6
2005-01-21 17:50:00,3840.1,3841.1,3840.1,3841.1
2005-01-21 18:00:00,3836.2,3837.2,3836.2,3836.7
2005-01-21 18:10:00,3833.7,3835.7,3833.2,3835.7
2005-01-21 18:20:00,3834.2,3834.2,3834.2,3834.2
2005-01-21 18:30:00,3830.2,3831.7,3830.2,3831.7
2005-01-21 18:40:00,3828.2,3828.7,3828.2,3828.7
2005-01-21 18:50:00,3832.7,3833.2,3827.7,3827.7
2005-01-21 19:00:00,3832.7,3833.2,3827.7,3827.7
2005-01-21 19:10:00,3832.7,3833.2,3827.7,3827.7
2005-01-21 19:20:00,3832.7,3833.2,3827.7,3827.7
2005-01-21 19:30:00,3832.7,3833.2,3827.7,3827.7
2005-01-21 19:40:00,3832.7,3833.2,3827.7,3827.7
2005-01-21 19:50:00,3832.7,3833.2,3827.7,3827.7
2005-01-21 20:00:00,3832.7,3833.2,3827.7,3827.7
2005-01-21 20:10:00,3832.7,3833.2,3827.7,3827.7
2005-01-21 20:20:00,3832.7,3833.2,3827.7,3827.7
2005-01-21 20:30:00,3832.7,3833.2,3827.7,3827.7
2005-01-21 20:40:00,3832.7,3833.2,3827.7,3827.7
2005-01-21 20:50:00,3832.7,3833.2,3827.7,3827.7
2005-01-21 21:00:00,3832.7,3833.2,3827.7,3827.7
2005-01-21 21:10:00,3832.7,3833.2,3827.7,3827.7
2005-01-21 21:20:00,3832.7,3833.2,3827.7,3827.7
2005-01-21 21:30:00,3832.7,3833.2,3827.7,3827.7
2005-01-21 21:40:00,3832.7,3833.2,3827.7,3827.7
2005-01-21 21:50:00,3832.7,3833.2,3827.7,3827.7
2005-01-21 22:00:00,3832.7,3833.2,3827.7,3827.7
2005-01-21 22:10:00,3832.7,3833.2,3827.7,3827.7
2005-01-21 22:20:00,3832.7,3833.2,3827.7,3827.7
2005-01-21 22:30:00,3832.7,3833.2,3827.7,3827.7
2005-01-21 22:40:00,3832.7,3833.2,3827.7,3827.7
2005-01-21 22:50:00,3832.7,3833.2,3827.7,3827.7
2005-01-21 23:00:00,3832.7,3833.2,3827.7,3827.7
2005-01-21 23:10:00,3832.7,3833.2,3827.7,3827.7
2005-01-21 23:20:00,3832.7,3833.2,3827.7,3827.7
2005-01-21 23:30:00,3832.7,3833.2,3827.7,3827.7
2005-01-21 23:40:00,3832.7,3833.2,3827.7,3827.7
2005-01-21 23:50:00,3832.7,3833.2,3827.7,3827.7
2005-01-22 00:00:00,3832.7,3833.2,3827.7,3827.7
2005-01-22 00:10:00,3832.7,3833.2,3827.7,3827.7
2005-01-22 00:20:00,3832.7,3833.2,3827.7,3827.7
2005-01-22 00:30:00,3832.7,3833.2,3827.7,3827.7
2005-01-22 00:40:00,3832.7,3833.2,3827.7,3827.7
2005-01-22 00:50:00,3832.7,3833.2,3827.7,3827.7
2005-01-22 01:00:00,3832.7,3833.2,3827.7,3827.7
2005-01-22 01:10:00,3832.7,3833.2,3827.7,3827.7
2005-01-22 01:20:00,3832.7,3833.2,3827.7,3827.7
2005-01-22 01:30:00,3832.7,3833.2,3827.7,3827.7
2005-01-22 01:40:00,3832.7,3833.2,3827.7,3827.7
2005-01-22 01:50:00,3832.7,3833.2,3827.7,3827.7
2005-01-22 02:00:00,3832.7,3833.2,3827.7,3827.7
2005-01-22 02:10:00,3832.7,3833.2,3827.7,3827.7
2005-01-22 02:20:00,3832.7,3833.2,3827.7,3827.7
2005-01-22 02:30:00,3832.7,3833.2,3827.7,3827.7
2005-01-22 02:40:00,3832.7,3833.2,3827.7,3827.7
2005-01-22 02:50:00,3832.7,3833.2,3827.7,3827.7
2005-01-22 03:00:00,3832.7,3833.2,3827.7,3827.7
2005-01-22 03:10:00,3832.7,3833.2,3827.7,3827.7
2005-01-22 03:20:00,3832.7,3833.2,3827.7,3827.7
2005-01-22 03:30:00,3832.7,3833.2,3827.7,3827.7
2005-01-22 03:40:00,3832.7,3833.2,3827.7,3827.7
2005-01-22 03:50:00,3832.7,3833.2,3827.7,3827.7
2005-01-22 04:00:00,3832.7,3833.2,3827.7,3827.7
2005-01-22 04:10:00,3832.7,3833.2,3827.7,3827.7
2005-01-22 04:20:00,3832.7,3833.2,3827.7,3827.7
2005-01-22 04:30:00,3832.7,3833.2,3827.7,3827.7
2005-01-22 04:40:00,3832.7,3833.2,3827.7,3827.7
2005-01-22 04:50:00,3832.7,3833.2,3827.7,3827.7
2005-01-22 05:00:00,3832.7,3833.2,3827.7,3827.7
2005-01-22 05:10:00,3832.7,3833.2,3827.7,3827.7
2005-01-22 05:20:00,3832.7,3833.2,3827.7,3827.7
2005-01-22 05:30:00,3832.7,3833.2,3827.7,3827.7
2005-01-22 05:40:00,3832.7,3833.2,3827.7,3827.7
2005-01-22 05:50:00,3832.7,3833.2,3827.7,3827.7
2005-01-22 06:00:00,3832.7,3833.2,3827.7,3827.7
2005-01-22 06:10:00,3832.7,3833.2,3827.7,3827.7
2005-01-22 06:20:00,3832.7,3833.2,3827.7,3827.7
2005-01-22 06:30:00,3832.7,3833.2,3827.7,3827.7
2005-01-22 06:40:00,3832.7,3833.2,3827.7,3827.7
2005-01-22 06:50:00,3832.7,3833.2,3827.7,3827.7
2005-01-22 07:00:00,3832.7,3833.2,3827.7,3827.7
2005-01-22 07:10:00,3832.7,3833.2,3827.7,3827.7
2005-01-22 07:20:00,3832.7,3833.2,3827.7,3827.7
2005-01-22 07:30:00,3832.7,3833.2,3827.7,3827.7
2005-01-22 07:40:00,3832.7,3833.2,3827.7,3827.7
2005-01-22 07:50:00,3832.7,3833.2,3827.7,3827.7
2005-01-22 08:00:00,3832.7,3833.2,3827.7,3827.7
2005-01-22 08:10:00,3832.7,3833.2,3827.7,3827.7
2005-01-22 08:20:00,3832.7,3833.2,3827.7,3827.7
2005-01-22 08:30:00,3832.7,3833.2,3827.7,3827.7
2005-01-22 08:40:00,3832.7,3833.2,3827.7,3827.7
2005-01-22 08:50:00,3832.7,3833.2,3827.7,3827.7
2005-01-22 09:00:00,3832.7,3833.2,3827.7,3827.7
2005-01-22 09:10:00,3832.7,3833.2,3827.7,3827.7
2005-01-22 09:20:00,3832.7,3833.2,3827.7,3827.7
2005-01-22 09:30:00,3832.7,3833.2,3827.7,3827.7
2005-01-22 09:40:00,3832.7,3833.2,3827.7,3827.7
2005-01-22 09:50:00,3832.7,3833.2,3827.7,3827.7
2005-01-22 10:00:00,3832.7,3833.2,3827.7,3827.7
2005-01-22 10:10:00,3832.7,3833.2,3827.7,3827.7
2005-01-22 10:20:00,3832.7,3833.2,3827.7,3827.7
2005-01-22 10:30:00,3832.7,3833.2,3827.7,3827.7
2005-01-22 10:40:00,3832.7,3833.2,3827.7,3827.7
2005-01-22 10:50:00,3832.7,3833.2,3827.7,3827.7
2005-01-22 11:00:00,3832.7,3833.2,3827.7,3827.7
2005-01-22 11:10:00,3832.7,3833.2,3827.7,3827.7
2005-01-22 11:20:00,3832.7,3833.2,3827.7,3827.7
2005-01-22 11:30:00,3832.7,3833.2,3827.7,3827.7
2005-01-22 11:40:00,3832.7,3833.2,3827.7,3827.7
2005-01-22 11:50:00,3832.7,3833.2,3827.7,3827.7
2005-01-22 12:00:00,3832.7,3833.2,3827.7,3827.7
2005-01-22 12:10:00,3832.7,3833.2,3827.7,3827.7
2005-01-22 12:20:00,3832.7,3833.2,3827.7,3827.7
2005-01-22 12:30:00,3832.7,3833.2,3827.7,3827.7
2005-01-22 12:40:00,3832.7,3833.2,3827.7,3827.7
2005-01-22 12:50:00,3832.7,3833.2,3827.7,3827.7
2005-01-22 13:00:00,3832.7,3833.2,3827.7,3827.7
2005-01-22 13:10:00,3832.7,3833.2,3827.7,3827.7
2005-01-22 13:20:00,3832.7,3833.2,3827.7,3827.7
2005-01-22 13:30:00,3832.7,3833.2,3827.7,3827.7
2005-01-22 13:40:00,3832.7,3833.2,3827.7,3827.7
2005-01-22 13:50:00,3832.7,3833.2,3827.7,3827.7
2005-01-22 14:00:00,3832.7,3833.2,3827.7,3827.7
2005-01-22 14:10:00,3832.7,3833.2,3827.7,3827.7
2005-01-22 14:20:00,3832.7,3833.2,3827.7,3827.7
2005-01-22 14:30:00,3832.7,3833.2,3827.7,3827.7
2005-01-22 14:40:00,3832.7,3833.2,3827.7,3827.7
2005-01-22 14:50:00,3832.7,3833.2,3827.7,3827.7
2005-01-22 15:00:00,3832.7,3833.2,3827.7,3827.7
2005-01-22 15:10:00,3832.7,3833.2,3827.7,3827.7
2005-01-22 15:20:00,3832.7,3833.2,3827.7,3827.7
2005-01-22 15:30:00,3832.7,3833.2,3827.7,3827.7
2005-01-22 15:40:00,3832.7,3833.2,3827.7,3827.7
2005-01-22 15:50:00,3832.7,3833.2,3827.7,3827.7
2005-01-22 16:00:00,3832.7,3833.2,3827.7,3827.7
2005-01-22 16:10:00,3832.7,3833.2,3827.7,3827.7
2005-01-22 16:20:00,3832.7,3833.2,3827.7,3827.7
2005-01-22 16:30:00,3832.7,3833.2,3827.7,3827.7
2005-01-22 16:40:00,3832.7,3833.2,3827.7,3827.7
2005-01-22 16:50:00,3832.7,3833.2,3827.7,3827.7
2005-01-22 17:00:00,3832.7,3833.2,3827.7,3827.7
2005-01-22 17:10:00,3832.7,3833.2,3827.7,3827.7
2005-01-22 17:20:00,3832.7,3833.2,3827.7,3827.7
2005-01-22 17:30:00,3832.7,3833.2,3827.7,3827.7
2005-01-22 17:40:00,3832.7,3833.2,3827.7,3827.7
2005-01-22 17:50:00,3832.7,3833.2,3827.7,3827.7
2005-01-22 18:00:00,3832.7,3833.2,3827.7,3827.7
2005-01-22 18:10:00,3832.7,3833.2,3827.7,3827.7
2005-01-22 18:20:00,3832.7,3833.2,3827.7,3827.7
2005-01-22 18:30:00,3832.7,3833.2,3827.7,3827.7
2005-01-22 18:40:00,3832.7,3833.2,3827.7,3827.7
2005-01-22 18:50:00,3832.7,3833.2,3827.7,3827.7
2005-01-22 19:00:00,3832.7,3833.2,3827.7,3827.7
2005-01-22 19:10:00,3832.7,3833.2,3827.7,3827.7
2005-01-22 19:20:00,3832.7,3833.2,3827.7,3827.7
2005-01-22 19:30:00,3832.7,3833.2,3827.7,3827.7
2005-01-22 19:40:00,3832.7,3833.2,3827.7,3827.7
2005-01-22 19:50:00,3832.7,3833.2,3827.7,3827.7
2005-01-22 20:00:00,3832.7,3833.2,3827.7,3827.7
2005-01-22 20:10:00,3832.7,3833.2,3827.7,3827.7
2005-01-22 20:20:00,3832.7,3833.2,3827.7,3827.7
2005-01-22 20:30:00,3832.7,3833.2,3827.7,3827.7
2005-01-22 20:40:00,3832.7,3833.2,3827.7,3827.7
2005-01-22 20:50:00,3832.7,3833.2,3827.7,3827.7
2005-01-22 21:00:00,3832.7,3833.2,3827.7,3827.7
2005-01-22 21:10:00,3832.7,3833.2,3827.7,3827.7
2005-01-22 21:20:00,3832.7,3833.2,3827.7,3827.7
2005-01-22 21:30:00,3832.7,3833.2,3827.7,3827.7
2005-01-22 21:40:00,3832.7,3833.2,3827.7,3827.7
2005-01-22 21:50:00,3832.7,3833.2,3827.7,3827.7
2005-01-22 22:00:00,3832.7,3833.2,3827.7,3827.7
2005-01-22 22:10:00,3832.7,3833.2,3827.7,3827.7
2005-01-22 22:20:00,3832.7,3833.2,3827.7,3827.7
2005-01-22 22:30:00,3832.7,3833.2,3827.7,3827.7
2005-01-22 22:40:00,3832.7,3833.2,3827.7,3827.7
2005-01-22 22:50:00,3832.7,3833.2,3827.7,3827.7
2005-01-22 23:00:00,3832.7,3833.2,3827.7,3827.7
2005-01-22 23:10:00,3832.7,3833.2,3827.7,3827.7
2005-01-22 23:20:00,3832.7,3833.2,3827.7,3827.7
2005-01-22 23:30:00,3832.7,3833.2,3827.7,3827.7
2005-01-22 23:40:00,3832.7,3833.2,3827.7,3827.7
2005-01-22 23:50:00,3832.7,3833.2,3827.7,3827.7
2005-01-23 00:00:00,3832.7,3833.2,3827.7,3827.7
2005-01-23 00:10:00,3832.7,3833.2,3827.7,3827.7
2005-01-23 00:20:00,3832.7,3833.2,3827.7,3827.7
2005-01-23 00:30:00,3832.7,3833.2,3827.7,3827.7
2005-01-23 00:40:00,3832.7,3833.2,3827.7,3827.7
2005-01-23 00:50:00,3832.7,3833.2,3827.7,3827.7
2005-01-23 01:00:00,3832.7,3833.2,3827.7,3827.7
2005-01-23 01:10:00,3832.7,3833.2,3827.7,3827.7
2005-01-23 01:20:00,3832.7,3833.2,3827.7,3827.7
2005-01-23 01:30:00,3832.7,3833.2,3827.7,3827.7
2005-01-23 01:40:00,3832.7,3833.2,3827.7,3827.7
2005-01-23 01:50:00,3832.7,3833.2,3827.7,3827.7
2005-01-23 02:00:00,3832.7,3833.2,3827.7,3827.7
2005-01-23 02:10:00,3832.7,3833.2,3827.7,3827.7
2005-01-23 02:20:00,3832.7,3833.2,3827.7,3827.7
2005-01-23 02:30:00,3832.7,3833.2,3827.7,3827.7
2005-01-23 02:40:00,3832.7,3833.2,3827.7,3827.7
2005-01-23 02:50:00,3832.7,3833.2,3827.7,3827.7
2005-01-23 03:00:00,3832.7,3833.2,3827.7,3827.7
2005-01-23 03:10:00,3832.7,3833.2,3827.7,3827.7
2005-01-23 03:20:00,3832.7,3833.2,3827.7,3827.7
2005-01-23 03:30:00,3832.7,3833.2,3827.7,3827.7
2005-01-23 03:40:00,3832.7,3833.2,3827.7,3827.7
2005-01-23 03:50:00,3832.7,3833.2,3827.7,3827.7
2005-01-23 04:00:00,3832.7,3833.2,3827.7,3827.7
2005-01-23 04:10:00,3832.7,3833.2,3827.7,3827.7
2005-01-23 04:20:00,3832.7,3833.2,3827.7,3827.7
2005-01-23 04:30:00,3832.7,3833.2,3827.7,3827.7
2005-01-23 04:40:00,3832.7,3833.2,3827.7,3827.7
2005-01-23 04:50:00,3832.7,3833.2,3827.7,3827.7
2005-01-23 05:00:00,3832.7,3833.2,3827.7,3827.7
2005-01-23 05:10:00,3832.7,3833.2,3827.7,3827.7
2005-01-23 05:20:00,3832.7,3833.2,3827.7,3827.7
2005-01-23 05:30:00,3832.7,3833.2,3827.7,3827.7
2005-01-23 05:40:00,3832.7,3833.2,3827.7,3827.7
2005-01-23 05:50:00,3832.7,3833.2,3827.7,3827.7
2005-01-23 06:00:00,3832.7,3833.2,3827.7,3827.7
2005-01-23 06:10:00,3832.7,3833.2,3827.7,3827.7
2005-01-23 06:20:00,3832.7,3833.2,3827.7,3827.7
2005-01-23 06:30:00,3832.7,3833.2,3827.7,3827.7
2005-01-23 06:40:00,3832.7,3833.2,3827.7,3827.7
2005-01-23 06:50:00,3832.7,3833.2,3827.7,3827.7
2005-01-23 07:00:00,3832.7,3833.2,3827.7,3827.7
2005-01-23 07:10:00,3832.7,3833.2,3827.7,3827.7
2005-01-23 07:20:00,3832.7,3833.2,3827.7,3827.7
2005-01-23 07:30:00,3832.7,3833.2,3827.7,3827.7
2005-01-23 07:40:00,3832.7,3833.2,3827.7,3827.7
2005-01-23 07:50:00,3832.7,3833.2,3827.7,3827.7
2005-01-23 08:00:00,3832.7,3833.2,3827.7,3827.7
2005-01-23 08:10:00,3832.7,3833.2,3827.7,3827.7
2005-01-23 08:20:00,3832.7,3833.2,3827.7,3827.7
2005-01-23 08:30:00,3832.7,3833.2,3827.7,3827.7
2005-01-23 08:40:00,3832.7,3833.2,3827.7,3827.7
2005-01-23 08:50:00,3832.7,3833.2,3827.7,3827.7
2005-01-23 09:00:00,3832.7,3833.2,3827.7,3827.7
2005-01-23 09:10:00,3832.7,3833.2,3827.7,3827.7
2005-01-23 09:20:00,3832.7,3833.2,3827.7,3827.7
2005-01-23 09:30:00,3832.7,3833.2,3827.7,3827.7
2005-01-23 09:40:00,3832.7,3833.2,3827.7,3827.7
2005-01-23 09:50:00,3832.7,3833.2,3827.7,3827.7
2005-01-23 10:00:00,3832.7,3833.2,3827.7,3827.7
2005-01-23 10:10:00,3832.7,3833.2,3827.7,3827.7
2005-01-23 10:20:00,3832.7,3833.2,3827.7,3827.7
2005-01-23 10:30:00,3832.7,3833.2,3827.7,3827.7
2005-01-23 10:40:00,3832.7,3833.2,3827.7,3827.7
2005-01-23 10:50:00,3832.7,3833.2,3827.7,3827.7
2005-01-23 11:00:00,3832.7,3833.2,3827.7,3827.7
2005-01-23 11:10:00,3832.7,3833.2,3827.7,3827.7
2005-01-23 11:20:00,3832.7,3833.2,3827.7,3827.7
2005-01-23 11:30:00,3832.7,3833.2,3827.7,3827.7
2005-01-23 11:40:00,3832.7,3833.2,3827.7,3827.7
2005-01-23 11:50:00,3832.7,3833.2,3827.7,3827.7
2005-01-23 12:00:00,3832.7,3833.2,3827.7,3827.7
2005-01-23 12:10:00,3832.7,3833.2,3827.7,3827.7
2005-01-23 12:20:00,3832.7,3833.2,3827.7,3827.7
2005-01-23 12:30:00,3832.7,3833.2,3827.7,3827.7
2005-01-23 12:40:00,3832.7,3833.2,3827.7,3827.7
2005-01-23 12:50:00,3832.7,3833.2,3827.7,3827.7
2005-01-23 13:00:00,3832.7,3833.2,3827.7,3827.7
2005-01-23 13:10:00,3832.7,3833.2,3827.7,3827.7
2005-01-23 13:20:00,3832.7,3833.2,3827.7,3827.7
2005-01-23 13:30:00,3832.7,3833.2,3827.7,3827.7
2005-01-23 13:40:00,3832.7,3833.2,3827.7,3827.7
2005-01-23 13:50:00,3832.7,3833.2,3827.7,3827.7
2005-01-23 14:00:00,3832.7,3833.2,3827.7,3827.7
2005-01-23 14:10:00,3832.7,3833.2,3827.7,3827.7
2005-01-23 14:20:00,3832.7,3833.2,3827.7,3827.7
2005-01-23 14:30:00,3832.7,3833.2,3827.7,3827.7
2005-01-23 14:40:00,3832.7,3833.2,3827.7,3827.7
2005-01-23 14:50:00,3832.7,3833.2,3827.7,3827.7
2005-01-23 15:00:00,3832.7,3833.2,3827.7,3827.7
2005-01-23 15:10:00,3832.7,3833.2,3827.7,3827.7
2005-01-23 15:20:00,3832.7,3833.2,3827.7,3827.7
2005-01-23 15:30:00,3832.7,3833.2,3827.7,3827.7
2005-01-23 15:40:00,3832.7,3833.2,3827.7,3827.7
2005-01-23 15:50:00,3832.7,3833.2,3827.7,3827.7
2005-01-23 16:00:00,3832.7,3833.2,3827.7,3827.7
2005-01-23 16:10:00,3832.7,3833.2,3827.7,3827.7
2005-01-23 16:20:00,3832.7,3833.2,3827.7,3827.7
2005-01-23 16:30:00,3832.7,3833.2,3827.7,3827.7
2005-01-23 16:40:00,3832.7,3833.2,3827.7,3827.7
2005-01-23 16:50:00,3832.7,3833.2,3827.7,3827.7
2005-01-23 17:00:00,3832.7,3833.2,3827.7,3827.7
2005-01-23 17:10:00,3832.7,3833.2,3827.7,3827.7
2005-01-23 17:20:00,3832.7,3833.2,3827.7,3827.7
2005-01-23 17:30:00,3832.7,3833.2,3827.7,3827.7
2005-01-23 17:40:00,3832.7,3833.2,3827.7,3827.7
2005-01-23 17:50:00,3832.7,3833.2,3827.7,3827.7
2005-01-23 18:00:00,3832.7,3833.2,3827.7,3827.7
2005-01-23 18:10:00,3832.7,3833.2,3827.7,3827.7
2005-01-23 18:20:00,3832.7,3833.2,3827.7,3827.7
2005-01-23 18:30:00,3832.7,3833.2,3827.7,3827.7
2005-01-23 18:40:00,3832.7,3833.2,3827.7,3827.7
2005-01-23 18:50:00,3832.7,3833.2,3827.7,3827.7
2005-01-23 19:00:00,3832.7,3833.2,3827.7,3827.7
2005-01-23 19:10:00,3832.7,3833.2,3827.7,3827.7
2005-01-23 19:20:00,3832.7,3833.2,3827.7,3827.7
2005-01-23 19:30:00,3832.7,3833.2,3827.7,3827.7
2005-01-23 19:40:00,3832.7,3833.2,3827.7,3827.7
2005-01-23 19:50:00,3832.7,3833.2,3827.7,3827.7
2005-01-23 20:00:00,3832.7,3833.2,3827.7,3827.7
2005-01-23 20:10:00,3832.7,3833.2,3827.7,3827.7
2005-01-23 20:20:00,3832.7,3833.2,3827.7,3827.7
2005-01-23 20:30:00,3832.7,3833.2,3827.7,3827.7
2005-01-23 20:40:00,3832.7,3833.2,3827.7,3827.7
2005-01-23 20:50:00,3832.7,3833.2,3827.7,3827.7
2005-01-23 21:00:00,3832.7,3833.2,3827.7,3827.7
2005-01-23 21:10:00,3832.7,3833.2,3827.7,3827.7
2005-01-23 21:20:00,3832.7,3833.2,3827.7,3827.7
2005-01-23 21:30:00,3832.7,3833.2,3827.7,3827.7
2005-01-23 21:40:00,3832.7,3833.2,3827.7,3827.7
2005-01-23 21:50:00,3832.7,3833.2,3827.7,3827.7
2005-01-23 22:00:00,3832.7,3833.2,3827.7,3827.7
2005-01-23 22:10:00,3832.7,3833.2,3827.7,3827.7
2005-01-23 22:20:00,3832.7,3833.2,3827.7,3827.7
2005-01-23 22:30:00,3832.7,3833.2,3827.7,3827.7
2005-01-23 22:40:00,3832.7,3833.2,3827.7,3827.7
2005-01-23 22:50:00,3832.7,3833.2,3827.7,3827.7
2005-01-23 23:00:00,3832.7,3833.2,3827.7,3827.7
2005-01-23 23:10:00,3832.7,3833.2,3827.7,3827.7
2005-01-23 23:20:00,3832.7,3833.2,3827.7,3827.7
2005-01-23 23:30:00,3832.7,3833.2,3827.7,3827.7
2005-01-23 23:40:00,3832.7,3833.2,3827.7,3827.7
2005-01-23 23:50:00,3832.7,3833.2,3827.7,3827.7
2005-01-24 00:00:00,3832.7,3833.2,3827.7,3827.7
2005-01-24 00:10:00,3832.7,3833.2,3827.7,3827.7
2005-01-24 00:20:00,3832.7,3833.2,3827.7,3827.7
2005-01-24 00:30:00,3832.7,3833.2,3827.7,3827.7
2005-01-24 00:40:00,3832.7,3833.2,3827.7,3827.7
2005-01-24 00:50:00,3832.7,3833.2,3827.7,3827.7
2005-01-24 01:00:00,3832.7,3833.2,3827.7,3827.7
2005-01-24 01:10:00,3832.7,3833.2,3827.7,3827.7
2005-01-24 01:20:00,3832.7,3833.2,3827.7,3827.7
2005-01-24 01:30:00,3832.7,3833.2,3827.7,3827.7
2005-01-24 01:40:00,3832.7,3833.2,3827.7,3827.7
2005-01-24 01:50:00,3832.7,3833.2,3827.7,3827.7
2005-01-24 02:00:00,3832.7,3833.2,3827.7,3827.7
2005-01-24 02:10:00,3832.7,3833.2,3827.7,3827.7
2005-01-24 02:20:00,3832.7,3833.2,3827.7,3827.7
2005-01-24 02:30:00,3832.7,3833.2,3827.7,3827.7
2005-01-24 02:40:00,3832.7,3833.2,3827.7,3827.7
2005-01-24 02:50:00,3832.7,3833.2,3827.7,3827.7
2005-01-24 03:00:00,3832.7,3833.2,3827.7,3827.7
2005-01-24 03:10:00,3832.7,3833.2,3827.7,3827.7
2005-01-24 03:20:00,3832.7,3833.2,3827.7,3827.7
2005-01-24 03:30:00,3832.7,3833.2,3827.7,3827.7
2005-01-24 03:40:00,3832.7,3833.2,3827.7,3827.7
2005-01-24 03:50:00,3832.7,3833.2,3827.7,3827.7
2005-01-24 04:00:00,3832.7,3833.2,3827.7,3827.7
2005-01-24 04:10:00,3832.7,3833.2,3827.7,3827.7
2005-01-24 04:20:00,3832.7,3833.2,3827.7,3827.7
2005-01-24 04:30:00,3832.7,3833.2,3827.7,3827.7
2005-01-24 04:40:00,3832.7,3833.2,3827.7,3827.7
2005-01-24 04:50:00,3832.7,3833.2,3827.7,3827.7
2005-01-24 05:00:00,3832.7,3833.2,3827.7,3827.7
2005-01-24 05:10:00,3832.7,3833.2,3827.7,3827.7
2005-01-24 05:20:00,3832.7,3833.2,3827.7,3827.7
2005-01-24 05:30:00,3832.7,3833.2,3827.7,3827.7
2005-01-24 05:40:00,3832.7,3833.2,3827.7,3827.7
2005-01-24 05:50:00,3832.7,3833.2,3827.7,3827.7
2005-01-24 06:00:00,3832.7,3833.2,3827.7,3827.7
2005-01-24 06:10:00,3832.7,3833.2,3827.7,3827.7
2005-01-24 06:20:00,3832.7,3833.2,3827.7,3827.7
2005-01-24 06:30:00,3832.7,3833.2,3827.7,3827.7
2005-01-24 06:40:00,3832.7,3833.2,3827.7,3827.7
2005-01-24 06:50:00,3832.7,3833.2,3827.7,3827.7
2005-01-24 07:00:00,3820.3,3820.3,3818.8,3818.8
2005-01-24 07:10:00,3820.3,3820.3,3820.3,3820.3
2005-01-24 07:20:00,3821.8,3822.3,3821.8,3822.3
2005-01-24 07:30:00,3824.3,3824.3,3824.3,3824.3
2005-01-24 07:40:00,3824.3,3824.3,3824.3,3824.3
2005-01-24 07:50:00,3828.8,3828.8,3825.3,3825.3
2005-01-24 08:00:00,3832.8,3832.8,3830.3,3830.3
2005-01-24 08:10:00,3834.8,3834.8,3833.3,3834.3
2005-01-24 08:20:00,3836.8,3838.3,3836.3,3836.3
2005-01-24 08:30:00,3828.3,3829.8,3828.3,3829.3
2005-01-24 08:40:00,3826.8,3827.3,3825.3,3825.8
2005-01-24 08:50:00,3817.3,3818.3,3815.8,3816.8
2005-01-24 09:00:00,3818.3,3818.3,3817.3,3817.3
2005-01-24 09:10:00,3816.3,3816.3,3815.3,3815.8
2005-01-24 09:20:00,3820.3,3820.8,3820.3,3820.8
2005-01-24 09:30:00,3823.3,3824.3,3823.3,3824.3
2005-01-24 09:40:00,3821.3,3822.8,3821.3,3822.8
2005-01-24 09:50:00,3826.8,3826.8,3824.3,3824.3
2005-01-24 10:00:00,3826.3,3826.3,3826.3,3826.3
2005-01-24 10:10:00,3826.3,3826.8,3826.3,3826.8
2005-01-24 10:20:00,3823.3,3823.3,3823.3,3823.3
2005-01-24 10:30:00,3824.8,3824.8,3824.8,3824.8
2005-01-24 10:40:00,3821.8,3822.3,3821.8,3822.3
2005-01-24 10:50:00,3822.8,3822.8,3822.8,3822.8
2005-01-24 11:00:00,3827.8,3828.3,3826.3,3826.3
2005-01-24 11:10:00,3824.3,3824.8,3824.3,3824.8
2005-01-24 11:20:00,3825.8,3825.8,3825.8,3825.8
2005-01-24 11:30:00,3828.8,3828.8,3828.3,3828.3
2005-01-24 11:40:00,3827.8,3827.8,3827.8,3827.8
2005-01-24 11:50:00,3827.8,3828.3,3827.8,3828.3
2005-01-24 12:00:00,3827.4,3827.4,3827.4,3827.4
2005-01-24 12:10:00,3825.4,3825.4,3825.4,3825.4
2005-01-24 12:20:00,3825.4,3825.4,3825.4,3825.4
2005-01-24 12:30:00,3822.9,3822.9,3822.9,3822.9
2005-01-24 12:40:00,3822.4,3822.4,3821.9,3822.4
2005-01-24 12:50:00,3822.4,3822.4,3822.4,3822.4
2005-01-24 13:00:00,3823.4,3823.4,3823.4,3823.4
2005-01-24 13:10:00,3824.4,3824.4,3824.4,3824.4
2005-01-24 13:20:00,3825.9,3825.9,3824.9,3825.4
2005-01-24 13:30:00,3826.9,3827.4,3826.9,3827.4
2005-01-24 13:40:00,3831.4,3831.9,3830.9,3831.9
2005-01-24 13:50:00,3833.9,3834.4,3833.4,3833.9
2005-01-24 14:00:00,3835.4,3835.4,3834.9,3835.4
2005-01-24 14:10:00,3838.4,3838.4,3837.4,3837.9
2005-01-24 14:20:00,3835.9,3836.4,3835.9,3836.4
2005-01-24 14:30:00,3837.9,3838.4,3837.9,3837.9
2005-01-24 14:40:00,3836.4,3837.9,3836.4,3837.9
2005-01-24 14:50:00,3831.9,3832.4,3831.4,3831.9
2005-01-24 15:00:00,3833.9,3834.9,3833.4,3834.9
2005-01-24 15:10:00,3838.9,3838.9,3837.9,3837.9
2005-01-24 15:20:00,3834.9,3835.9,3834.4,3835.9
2005-01-24 15:30:00,3843.4,3843.9,3841.4,3842.4
2005-01-24 15:40:00,3845.4,3846.4,3844.4,3844.4
2005-01-24 15:50:00,3841.4,3841.9,3840.4,3841.9
2005-01-24 16:00:00,3840.9,3841.4,3839.9,3840.4
2005-01-24 16:10:00,3844.9,3845.9,3842.9,3842.9
2005-01-24 16:20:00,3845.4,3846.9,3844.9,3846.9
2005-01-24 16:30:00,3845.4,3846.4,3845.4,3845.9
2005-01-24 16:40:00,3843.9,3843.9,3843.9,3843.9
2005-01-24 16:50:00,3842.9,3842.9,3841.9,3841.9
2005-01-24 17:00:00,3842.4,3842.9,3842.4,3842.9
2005-01-24 17:10:00,3842.9,3842.9,3842.9,3842.9
2005-01-24 17:20:00,3840.4,3841.4,3840.4,3841.4
2005-01-24 17:30:00,3838.9,3838.9,3838.9,3838.9
2005-01-24 17:40:00,3843.9,3844.4,3843.9,3843.9
2005-01-24 17:50:00,3843.9,3845.4,3842.4,3842.4
2005-01-24 18:00:00,3845.4,3845.9,3845.4,3845.9
2005-01-24 18:10:00,3849.4,3849.9,3849.4,3849.9
2005-01-24 18:20:00,3850.9,3850.9,3850.9,3850.9
2005-01-24 18:30:00,3847.9,3847.9,3847.4,3847.9
2005-01-24 18:40:00,3845.9,3846.4,3845.9,3846.4
2005-01-24 18:50:00,3844.9,3845.4,3844.9,3845.4
2005-01-24 19:00:00,3844.9,3845.4,3844.9,3845.4
2005-01-24 19:10:00,3844.9,3845.4,3844.9,3845.4
2005-01-24 19:20:00,3844.9,3845.4,3844.9,3845.4
2005-01-24 19:30:00,3844.9,3845.4,3844.9,3845.4
2005-01-24 19:40:00,3844.9,3845.4,3844.9,3845.4
2005-01-24 19:50:00,3844.9,3845.4,3844.9,3845.4
2005-01-24 20:00:00,3844.9,3845.4,3844.9,3845.4
2005-01-24 20:10:00,3844.9,3845.4,3844.9,3845.4
2005-01-24 20:20:00,3844.9,3845.4,3844.9,3845.4
2005-01-24 20:30:00,3844.9,3845.4,3844.9,3845.4
2005-01-24 20:40:00,3844.9,3845.4,3844.9,3845.4
2005-01-24 20:50:00,3844.9,3845.4,3844.9,3845.4
2005-01-24 21:00:00,3844.9,3845.4,3844.9,3845.4
2005-01-24 21:10:00,3844.9,3845.4,3844.9,3845.4
2005-01-24 21:20:00,3844.9,3845.4,3844.9,3845.4
2005-01-24 21:30:00,3844.9,3845.4,3844.9,3845.4
2005-01-24 21:40:00,3844.9,3845.4,3844.9,3845.4
2005-01-24 21:50:00,3844.9,3845.4,3844.9,3845.4
2005-01-24 22:00:00,3844.9,3845.4,3844.9,3845.4
2005-01-24 22:10:00,3844.9,3845.4,3844.9,3845.4
2005-01-24 22:20:00,3844.9,3845.4,3844.9,3845.4
2005-01-24 22:30:00,3844.9,3845.4,3844.9,3845.4
2005-01-24 22:40:00,3844.9,3845.4,3844.9,3845.4
2005-01-24 22:50:00,3844.9,3845.4,3844.9,3845.4
2005-01-24 23:00:00,3844.9,3845.4,3844.9,3845.4
2005-01-24 23:10:00,3844.9,3845.4,3844.9,3845.4
2005-01-24 23:20:00,3844.9,3845.4,3844.9,3845.4
2005-01-24 23:30:00,3844.9,3845.4,3844.9,3845.4
2005-01-24 23:40:00,3844.9,3845.4,3844.9,3845.4
2005-01-24 23:50:00,3844.9,3845.4,3844.9,3845.4
2005-01-25 00:00:00,3844.9,3845.4,3844.9,3845.4
2005-01-25 00:10:00,3844.9,3845.4,3844.9,3845.4
2005-01-25 00:20:00,3844.9,3845.4,3844.9,3845.4
2005-01-25 00:30:00,3844.9,3845.4,3844.9,3845.4
2005-01-25 00:40:00,3844.9,3845.4,3844.9,3845.4
2005-01-25 00:50:00,3844.9,3845.4,3844.9,3845.4
2005-01-25 01:00:00,3844.9,3845.4,3844.9,3845.4
2005-01-25 01:10:00,3844.9,3845.4,3844.9,3845.4
2005-01-25 01:20:00,3844.9,3845.4,3844.9,3845.4
2005-01-25 01:30:00,3844.9,3845.4,3844.9,3845.4
2005-01-25 01:40:00,3844.9,3845.4,3844.9,3845.4
2005-01-25 01:50:00,3844.9,3845.4,3844.9,3845.4
2005-01-25 02:00:00,3844.9,3845.4,3844.9,3845.4
2005-01-25 02:10:00,3844.9,3845.4,3844.9,3845.4
2005-01-25 02:20:00,3844.9,3845.4,3844.9,3845.4
2005-01-25 02:30:00,3844.9,3845.4,3844.9,3845.4
2005-01-25 02:40:00,3844.9,3845.4,3844.9,3845.4
2005-01-25 02:50:00,3844.9,3845.4,3844.9,3845.4
2005-01-25 03:00:00,3844.9,3845.4,3844.9,3845.4
2005-01-25 03:10:00,3844.9,3845.4,3844.9,3845.4
2005-01-25 03:20:00,3844.9,3845.4,3844.9,3845.4
2005-01-25 03:30:00,3844.9,3845.4,3844.9,3845.4
2005-01-25 03:40:00,3844.9,3845.4,3844.9,3845.4
2005-01-25 03:50:00,3844.9,3845.4,3844.9,3845.4
2005-01-25 04:00:00,3844.9,3845.4,3844.9,3845.4
2005-01-25 04:10:00,3844.9,3845.4,3844.9,3845.4
2005-01-25 04:20:00,3844.9,3845.4,3844.9,3845.4
2005-01-25 04:30:00,3844.9,3845.4,3844.9,3845.4
2005-01-25 04:40:00,3844.9,3845.4,3844.9,3845.4
2005-01-25 04:50:00,3844.9,3845.4,3844.9,3845.4
2005-01-25 05:00:00,3844.9,3845.4,3844.9,3845.4
2005-01-25 05:10:00,3844.9,3845.4,3844.9,3845.4
2005-01-25 05:20:00,3844.9,3845.4,3844.9,3845.4
2005-01-25 05:30:00,3844.9,3845.4,3844.9,3845.4
2005-01-25 05:40:00,3844.9,3845.4,3844.9,3845.4
2005-01-25 05:50:00,3844.9,3845.4,3844.9,3845.4
2005-01-25 06:00:00,3844.9,3845.4,3844.9,3845.4
2005-01-25 06:10:00,3844.9,3845.4,3844.9,3845.4
2005-01-25 06:20:00,3844.9,3845.4,3844.9,3845.4
2005-01-25 06:30:00,3844.9,3845.4,3844.9,3845.4
2005-01-25 06:40:00,3844.9,3845.4,3844.9,3845.4
2005-01-25 06:50:00,3844.9,3845.4,3844.9,3845.4
2005-01-25 07:00:00,3841.1,3842.1,3841.1,3842.1
2005-01-25 07:10:00,3838.7,3838.7,3838.7,3838.7
2005-01-25 07:20:00,3838.7,3838.7,3838.7,3838.7
2005-01-25 07:30:00,3838.2,3838.2,3838.2,3838.2
2005-01-25 07:40:00,3839.7,3839.7,3839.7,3839.7
2005-01-25 07:50:00,3839.2,3839.7,3838.7,3838.7
2005-01-25 08:00:00,3843.7,3844.2,3843.7,3844.2
2005-01-25 08:10:00,3850.1,3850.6,3849.6,3850.1
2005-01-25 08:20:00,3847.7,3847.7,3847.2,3847.2
2005-01-25 08:30:00,3850.2,3851.1,3850.2,3851.1
2005-01-25 08:40:00,3853.1,3853.1,3852.6,3853.1
2005-01-25 08:50:00,3855.6,3856.6,3854.1,3855.1
2005-01-25 09:00:00,3860.6,3860.6,3860.6,3860.6
2005-01-25 09:10:00,3865.1,3865.1,3864.1,3864.6
2005-01-25 09:20:00,3863.6,3863.6,3863.1,3863.1
2005-01-25 09:30:00,3863.1,3863.1,3863.1,3863.1
2005-01-25 09:40:00,3866.6,3866.6,3866.1,3866.1
2005-01-25 09:50:00,3861.1,3862.1,3860.6,3862.1
2005-01-25 10:00:00,3858.7,3858.7,3858.2,3858.2
2005-01-25 10:10:00,3860.7,3860.7,3860.7,3860.7
2005-01-25 10:20:00,3859.2,3859.7,3858.7,3859.7
2005-01-25 10:30:00,3861.7,3861.7,3861.2,3861.7
2005-01-25 10:40:00,3864.2,3864.2,3864.2,3864.2
2005-01-25 10:50:00,3863.7,3863.7,3863.2,3863.7
2005-01-25 11:00:00,3862.7,3863.2,3862.7,3863.2
2005-01-25 11:10:00,3864.7,3865.2,3864.7,3865.2
2005-01-25 11:20:00,3859.7,3860.2,3859.7,3860.2
2005-01-25 11:30:00,3859.2,3859.2,3859.2,3859.2
2005-01-25 11:40:00,3860.7,3860.7,3860.7,3860.7
2005-01-25 11:50:00,3861.2,3861.2,3861.2,3861.2
2005-01-25 12:00:00,3861.2,3861.2,3860.7,3860.7
2005-01-25 12:10:00,3862.7,3862.7,3862.2,3862.2
2005-01-25 12:20:00,3861.7,3862.7,3861.7,3862.7
2005-01-25 12:30:00,3863.7,3863.7,3863.2,3863.7
2005-01-25 12:40:00,3864.2,3864.2,3864.2,3864.2
2005-01-25 12:50:00,3863.7,3863.7,3863.2,3863.2
2005-01-25 13:00:00,3866.2,3866.2,3865.2,3865.2
2005-01-25 13:10:00,3865.7,3866.2,3865.7,3865.7
2005-01-25 13:20:00,3866.2,3866.7,3866.2,3866.7
2005-01-25 13:30:00,3866.2,3866.2,3866.2,3866.2
2005-01-25 13:40:00,3867.2,3867.2,3866.7,3866.7
2005-01-25 13:50:00,3866.7,3866.7,3866.2,3866.7
2005-01-25 14:00:00,3868.7,3868.7,3868.2,3868.2
2005-01-25 14:10:00,3869.2,3869.2,3868.7,3868.7
2005-01-25 14:20:00,3867.7,3868.2,3867.7,3868.2
2005-01-25 14:30:00,3875.2,3876.2,3874.7,3876.2
2005-01-25 14:40:00,3874.2,3874.2,3872.7,3873.2
2005-01-25 14:50:00,3870.7,3871.2,3870.7,3871.2
2005-01-25 15:00:00,3872.7,3873.2,3872.2,3872.7
2005-01-25 15:10:00,3875.2,3876.2,3874.7,3875.7
2005-01-25 15:20:00,3878.7,3878.7,3876.7,3877.7
2005-01-25 15:30:00,3880.2,3880.7,3880.2,3880.2
2005-01-25 15:40:00,3875.7,3877.2,3875.7,3876.7
2005-01-25 15:50:00,3877.2,3877.2,3875.7,3875.7
2005-01-25 16:00:00,3880.2,3881.2,3880.2,3880.7
2005-01-25 16:10:00,3879.2,3879.2,3878.2,3878.7
2005-01-25 16:20:00,3877.7,3878.2,3877.2,3877.7
2005-01-25 16:30:00,3873.2,3874.7,3873.2,3874.7
2005-01-25 16:40:00,3872.2,3872.2,3871.2,3871.2
2005-01-25 16:50:00,3875.2,3875.2,3874.2,3874.2
2005-01-25 17:00:00,3875.2,3875.7,3874.7,3874.7
2005-01-25 17:10:00,3875.7,3876.7,3875.7,3875.7
2005-01-25 17:20:00,3875.7,3875.7,3875.7,3875.7
2005-01-25 17:30:00,3875.2,3875.7,3875.2,3875.7
2005-01-25 17:40:00,3877.2,3877.2,3877.2,3877.2
2005-01-25 17:50:00,3876.2,3876.2,3876.2,3876.2
2005-01-25 18:00:00,3879.2,3880.2,3879.2,3879.7
2005-01-25 18:10:00,3878.2,3878.2,3877.3,3877.3
2005-01-25 18:20:00,3879.2,3879.2,3879.2,3879.2
2005-01-25 18:30:00,3876.8,3876.8,3876.8,3876.8
2005-01-25 18:40:00,3876.3,3876.3,3875.8,3876.3
2005-01-25 18:50:00,3876.8,3879.8,3876.8,3879.8
2005-01-25 19:00:00,3876.8,3879.8,3876.8,3879.8
2005-01-25 19:10:00,3876.8,3879.8,3876.8,3879.8
2005-01-25 19:20:00,3876.8,3879.8,3876.8,3879.8
2005-01-25 19:30:00,3876.8,3879.8,3876.8,3879.8
2005-01-25 19:40:00,3876.8,3879.8,3876.8,3879.8
2005-01-25 19:50:00,3876.8,3879.8,3876.8,3879.8
2005-01-25 20:00:00,3876.8,3879.8,3876.8,3879.8
2005-01-25 20:10:00,3876.8,3879.8,3876.8,3879.8
2005-01-25 20:20:00,3876.8,3879.8,3876.8,3879.8
2005-01-25 20:30:00,3876.8,3879.8,3876.8,3879.8
2005-01-25 20:40:00,3876.8,3879.8,3876.8,3879.8
2005-01-25 20:50:00,3876.8,3879.8,3876.8,3879.8
2005-01-25 21:00:00,3876.8,3879.8,3876.8,3879.8
2005-01-25 21:10:00,3876.8,3879.8,3876.8,3879.8
2005-01-25 21:20:00,3876.8,3879.8,3876.8,3879.8
2005-01-25 21:30:00,3876.8,3879.8,3876.8,3879.8
2005-01-25 21:40:00,3876.8,3879.8,3876.8,3879.8
2005-01-25 21:50:00,3876.8,3879.8,3876.8,3879.8
2005-01-25 22:00:00,3876.8,3879.8,3876.8,3879.8
2005-01-25 22:10:00,3876.8,3879.8,3876.8,3879.8
2005-01-25 22:20:00,3876.8,3879.8,3876.8,3879.8
2005-01-25 22:30:00,3876.8,3879.8,3876.8,3879.8
2005-01-25 22:40:00,3876.8,3879.8,3876.8,3879.8
2005-01-25 22:50:00,3876.8,3879.8,3876.8,3879.8
2005-01-25 23:00:00,3876.8,3879.8,3876.8,3879.8
2005-01-25 23:10:00,3876.8,3879.8,3876.8,3879.8
2005-01-25 23:20:00,3876.8,3879.8,3876.8,3879.8
2005-01-25 23:30:00,3876.8,3879.8,3876.8,3879.8
2005-01-25 23:40:00,3876.8,3879.8,3876.8,3879.8
2005-01-25 23:50:00,3876.8,3879.8,3876.8,3879.8
2005-01-26 00:00:00,3876.8,3879.8,3876.8,3879.8
2005-01-26 00:10:00,3876.8,3879.8,3876.8,3879.8
2005-01-26 00:20:00,3876.8,3879.8,3876.8,3879.8
2005-01-26 00:30:00,3876.8,3879.8,3876.8,3879.8
2005-01-26 00:40:00,3876.8,3879.8,3876.8,3879.8
2005-01-26 00:50:00,3876.8,3879.8,3876.8,3879.8
2005-01-26 01:00:00,3876.8,3879.8,3876.8,3879.8
2005-01-26 01:10:00,3876.8,3879.8,3876.8,3879.8
2005-01-26 01:20:00,3876.8,3879.8,3876.8,3879.8
2005-01-26 01:30:00,3876.8,3879.8,3876.8,3879.8
2005-01-26 01:40:00,3876.8,3879.8,3876.8,3879.8
2005-01-26 01:50:00,3876.8,3879.8,3876.8,3879.8
2005-01-26 02:00:00,3876.8,3879.8,3876.8,3879.8
2005-01-26 02:10:00,3876.8,3879.8,3876.8,3879.8
2005-01-26 02:20:00,3876.8,3879.8,3876.8,3879.8
2005-01-26 02:30:00,3876.8,3879.8,3876.8,3879.8
2005-01-26 02:40:00,3876.8,3879.8,3876.8,3879.8
2005-01-26 02:50:00,3876.8,3879.8,3876.8,3879.8
2005-01-26 03:00:00,3876.8,3879.8,3876.8,3879.8
2005-01-26 03:10:00,3876.8,3879.8,3876.8,3879.8
2005-01-26 03:20:00,3876.8,3879.8,3876.8,3879.8
2005-01-26 03:30:00,3876.8,3879.8,3876.8,3879.8
2005-01-26 03:40:00,3876.8,3879.8,3876.8,3879.8
2005-01-26 03:50:00,3876.8,3879.8,3876.8,3879.8
2005-01-26 04:00:00,3876.8,3879.8,3876.8,3879.8
2005-01-26 04:10:00,3876.8,3879.8,3876.8,3879.8
2005-01-26 04:20:00,3876.8,3879.8,3876.8,3879.8
2005-01-26 04:30:00,3876.8,3879.8,3876.8,3879.8
2005-01-26 04:40:00,3876.8,3879.8,3876.8,3879.8
2005-01-26 04:50:00,3876.8,3879.8,3876.8,3879.8
2005-01-26 05:00:00,3876.8,3879.8,3876.8,3879.8
2005-01-26 05:10:00,3876.8,3879.8,3876.8,3879.8
2005-01-26 05:20:00,3876.8,3879.8,3876.8,3879.8
2005-01-26 05:30:00,3876.8,3879.8,3876.8,3879.8
2005-01-26 05:40:00,3876.8,3879.8,3876.8,3879.8
2005-01-26 05:50:00,3876.8,3879.8,3876.8,3879.8
2005-01-26 06:00:00,3876.8,3879.8,3876.8,3879.8
2005-01-26 06:10:00,3876.8,3879.8,3876.8,3879.8
2005-01-26 06:20:00,3876.8,3879.8,3876.8,3879.8
2005-01-26 06:30:00,3876.8,3879.8,3876.8,3879.8
2005-01-26 06:40:00,3876.8,3879.8,3876.8,3879.8
2005-01-26 06:50:00,3876.8,3879.8,3876.8,3879.8
2005-01-26 07:00:00,3878.5,3878.5,3877.0,3877.0
2005-01-26 07:10:00,3876.0,3876.0,3876.0,3876.0
2005-01-26 07:20:00,3876.5,3876.5,3876.5,3876.5
2005-01-26 07:30:00,3875.5,3875.5,3875.5,3875.5
2005-01-26 07:40:00,3878.0,3878.0,3877.5,3877.5
2005-01-26 07:50:00,3877.0,3877.0,3875.0,3876.5
2005-01-26 08:00:00,3881.0,3881.5,3879.5,3879.5
2005-01-26 08:10:00,3884.5,3885.0,3884.0,3884.5
2005-01-26 08:20:00,3878.0,3879.5,3877.5,3879.5
2005-01-26 08:30:00,3874.5,3875.0,3873.0,3874.5
2005-01-26 08:40:00,3876.0,3876.0,3874.5,3874.5
2005-01-26 08:50:00,3874.5,3875.0,3874.0,3874.5
2005-01-26 09:00:00,3878.0,3878.0,3877.0,3877.0
2005-01-26 09:10:00,3877.0,3878.0,3877.0,3878.0
2005-01-26 09:20:00,3876.0,3877.0,3876.0,3876.0
2005-01-26 09:30:00,3879.0,3879.0,3878.5,3879.0
2005-01-26 09:40:00,3877.0,3877.5,3876.5,3876.5
2005-01-26 09:50:00,3878.0,3878.5,3877.0,3877.0
2005-01-26 10:00:00,3874.0,3874.5,3874.0,3874.5
2005-01-26 10:10:00,3874.5,3875.0,3874.5,3875.0
2005-01-26 10:20:00,3875.0,3875.5,3875.0,3875.0
2005-01-26 10:30:00,3874.6,3874.6,3874.1,3874.1
2005-01-26 10:40:00,3875.1,3875.1,3874.6,3874.6
2005-01-26 10:50:00,3875.6,3876.1,3875.1,3875.6
2005-01-26 11:00:00,3875.6,3875.6,3875.6,3875.6
2005-01-26 11:10:00,3877.1,3877.1,3877.1,3877.1
2005-01-26 11:20:00,3876.1,3876.1,3876.1,3876.1
2005-01-26 11:30:00,3876.1,3876.1,3875.1,3875.1
2005-01-26 11:40:00,3875.6,3875.6,3875.6,3875.6
2005-01-26 11:50:00,3874.6,3874.6,3874.1,3874.1
2005-01-26 12:00:00,3874.6,3875.1,3874.6,3875.1
2005-01-26 12:10:00,3877.1,3877.6,3876.6,3876.6
2005-01-26 12:20:00,3877.6,3878.6,3877.6,3878.1
2005-01-26 12:30:00,3876.1,3876.1,3876.1,3876.1
2005-01-26 12:40:00,3876.1,3876.6,3876.1,3876.6
2005-01-26 12:50:00,3876.1,3876.6,3876.1,3876.6
2005-01-26 13:00:00,3878.1,3878.1,3878.1,3878.1
2005-01-26 13:10:00,3879.1,3879.6,3879.1,3879.6
2005-01-26 13:20:00,3880.1,3880.1,3880.1,3880.1
2005-01-26 13:30:00,3880.6,3880.6,3880.6,3880.6
2005-01-26 13:40:00,3880.6,3880.6,3880.1,3880.1
2005-01-26 13:50:00,3880.6,3881.6,3880.6,3881.1
2005-01-26 14:00:00,3878.6,3878.6,3878.6,3878.6
2005-01-26 14:10:00,3879.1,3879.1,3879.1,3879.1
2005-01-26 14:20:00,3881.6,3883.6,3881.1,3883.6
2005-01-26 14:30:00,3881.6,3882.6,3881.6,3882.1
2005-01-26 14:40:00,3880.6,3881.1,3880.6,3880.6
2005-01-26 14:50:00,3882.1,3883.1,3882.1,3882.6
2005-01-26 15:00:00,3884.6,3885.1,3884.1,3884.6
2005-01-26 15:10:00,3883.6,3884.1,3883.1,3884.1
2005-01-26 15:20:00,3882.1,3882.6,3881.1,3881.1
2005-01-26 15:30:00,3882.1,3883.1,3881.6,3882.1
2005-01-26 15:40:00,3880.6,3881.6,3880.6,3881.6
2005-01-26 15:50:00,3881.1,3882.6,3881.1,3882.1
2005-01-26 16:00:00,3878.1,3879.1,3877.6,3877.6
2005-01-26 16:10:00,3876.1,3876.1,3874.7,3875.2
2005-01-26 16:20:00,3875.2,3877.1,3874.7,3876.7
2005-01-26 16:30:00,3876.7,3876.7,3874.7,3874.7
2005-01-26 16:40:00,3874.2,3874.7,3872.7,3873.2
2005-01-26 16:50:00,3877.7,3877.7,3876.7,3877.7
2005-01-26 17:00:00,3877.2,3877.2,3876.7,3876.7
2005-01-26 17:10:00,3876.2,3876.7,3876.2,3876.7
2005-01-26 17:20:00,3873.7,3874.2,3873.7,3874.2
2005-01-26 17:30:00,3872.7,3872.7,3872.7,3872.7
2005-01-26 17:40:00,3873.7,3873.7,3873.7,3873.7
2005-01-26 17:50:00,3870.7,3871.2,3869.7,3871.2
2005-01-26 18:00:00,3874.7,3874.7,3873.7,3873.7
2005-01-26 18:10:00,3874.2,3874.2,3874.2,3874.2
2005-01-26 18:20:00,3873.7,3876.2,3873.7,3876.2
2005-01-26 18:30:00,3876.2,3876.7,3876.2,3876.7
2005-01-26 18:40:00,3876.7,3877.2,3876.7,3877.2
2005-01-26 18:50:00,3878.2,3879.7,3878.2,3879.7
2005-01-26 19:00:00,3878.2,3879.7,3878.2,3879.7
2005-01-26 19:10:00,3878.2,3879.7,3878.2,3879.7
2005-01-26 19:20:00,3878.2,3879.7,3878.2,3879.7
2005-01-26 19:30:00,3878.2,3879.7,3878.2,3879.7
2005-01-26 19:40:00,3878.2,3879.7,3878.2,3879.7
2005-01-26 19:50:00,3878.2,3879.7,3878.2,3879.7
2005-01-26 20:00:00,3878.2,3879.7,3878.2,3879.7
2005-01-26 20:10:00,3878.2,3879.7,3878.2,3879.7
2005-01-26 20:20:00,3878.2,3879.7,3878.2,3879.7
2005-01-26 20:30:00,3878.2,3879.7,3878.2,3879.7
2005-01-26 20:40:00,3878.2,3879.7,3878.2,3879.7
2005-01-26 20:50:00,3878.2,3879.7,3878.2,3879.7
2005-01-26 21:00:00,3878.2,3879.7,3878.2,3879.7
2005-01-26 21:10:00,3878.2,3879.7,3878.2,3879.7
2005-01-26 21:20:00,3878.2,3879.7,3878.2,3879.7
2005-01-26 21:30:00,3878.2,3879.7,3878.2,3879.7
2005-01-26 21:40:00,3878.2,3879.7,3878.2,3879.7
2005-01-26 21:50:00,3878.2,3879.7,3878.2,3879.7
2005-01-26 22:00:00,3878.2,3879.7,3878.2,3879.7
2005-01-26 22:10:00,3878.2,3879.7,3878.2,3879.7
2005-01-26 22:20:00,3878.2,3879.7,3878.2,3879.7
2005-01-26 22:30:00,3878.2,3879.7,3878.2,3879.7
2005-01-26 22:40:00,3878.2,3879.7,3878.2,3879.7
2005-01-26 22:50:00,3878.2,3879.7,3878.2,3879.7
2005-01-26 23:00:00,3878.2,3879.7,3878.2,3879.7
2005-01-26 23:10:00,3878.2,3879.7,3878.2,3879.7
2005-01-26 23:20:00,3878.2,3879.7,3878.2,3879.7
2005-01-26 23:30:00,3878.2,3879.7,3878.2,3879.7
2005-01-26 23:40:00,3878.2,3879.7,3878.2,3879.7
2005-01-26 23:50:00,3878.2,3879.7,3878.2,3879.7
2005-01-27 00:00:00,3878.2,3879.7,3878.2,3879.7
2005-01-27 00:10:00,3878.2,3879.7,3878.2,3879.7
2005-01-27 00:20:00,3878.2,3879.7,3878.2,3879.7
2005-01-27 00:30:00,3878.2,3879.7,3878.2,3879.7
2005-01-27 00:40:00,3878.2,3879.7,3878.2,3879.7
2005-01-27 00:50:00,3878.2,3879.7,3878.2,3879.7
2005-01-27 01:00:00,3878.2,3879.7,3878.2,3879.7
2005-01-27 01:10:00,3878.2,3879.7,3878.2,3879.7
2005-01-27 01:20:00,3878.2,3879.7,3878.2,3879.7
2005-01-27 01:30:00,3878.2,3879.7,3878.2,3879.7
2005-01-27 01:40:00,3878.2,3879.7,3878.2,3879.7
2005-01-27 01:50:00,3878.2,3879.7,3878.2,3879.7
2005-01-27 02:00:00,3878.2,3879.7,3878.2,3879.7
2005-01-27 02:10:00,3878.2,3879.7,3878.2,3879.7
2005-01-27 02:20:00,3878.2,3879.7,3878.2,3879.7
2005-01-27 02:30:00,3878.2,3879.7,3878.2,3879.7
2005-01-27 02:40:00,3878.2,3879.7,3878.2,3879.7
2005-01-27 02:50:00,3878.2,3879.7,3878.2,3879.7
2005-01-27 03:00:00,3878.2,3879.7,3878.2,3879.7
2005-01-27 03:10:00,3878.2,3879.7,3878.2,3879.7
2005-01-27 03:20:00,3878.2,3879.7,3878.2,3879.7
2005-01-27 03:30:00,3878.2,3879.7,3878.2,3879.7
2005-01-27 03:40:00,3878.2,3879.7,3878.2,3879.7
2005-01-27 03:50:00,3878.2,3879.7,3878.2,3879.7
2005-01-27 04:00:00,3878.2,3879.7,3878.2,3879.7
2005-01-27 04:10:00,3878.2,3879.7,3878.2,3879.7
2005-01-27 04:20:00,3878.2,3879.7,3878.2,3879.7
2005-01-27 04:30:00,3878.2,3879.7,3878.2,3879.7
2005-01-27 04:40:00,3878.2,3879.7,3878.2,3879.7
2005-01-27 04:50:00,3878.2,3879.7,3878.2,3879.7
2005-01-27 05:00:00,3878.2,3879.7,3878.2,3879.7
2005-01-27 05:10:00,3878.2,3879.7,3878.2,3879.7
2005-01-27 05:20:00,3878.2,3879.7,3878.2,3879.7
2005-01-27 05:30:00,3878.2,3879.7,3878.2,3879.7
2005-01-27 05:40:00,3878.2,3879.7,3878.2,3879.7
2005-01-27 05:50:00,3878.2,3879.7,3878.2,3879.7
2005-01-27 06:00:00,3878.2,3879.7,3878.2,3879.7
2005-01-27 06:10:00,3878.2,3879.7,3878.2,3879.7
2005-01-27 06:20:00,3878.2,3879.7,3878.2,3879.7
2005-01-27 06:30:00,3878.2,3879.7,3878.2,3879.7
2005-01-27 06:40:00,3878.2,3879.7,3878.2,3879.7
2005-01-27 06:50:00,3878.2,3879.7,3878.2,3879.7
2005-01-27 07:00:00,3875.4,3875.4,3875.4,3875.4
2005-01-27 07:10:00,3875.4,3875.4,3875.4,3875.4
2005-01-27 07:20:00,3875.4,3875.4,3875.4,3875.4
2005-01-27 07:30:00,3874.4,3877.9,3874.4,3874.9
2005-01-27 07:40:00,3876.4,3876.4,3876.4,3876.4
2005-01-27 07:50:00,3881.4,3882.4,3880.4,3880.4
2005-01-27 08:00:00,3886.9,3887.4,3885.4,3885.4
2005-01-27 08:10:00,3882.4,3882.4,3881.4,3882.4
2005-01-27 08:20:00,3881.4,3881.9,3881.4,3881.9
2005-01-27 08:30:00,3881.4,3881.9,3879.9,3879.9
2005-01-27 08:40:00,3882.9,3883.4,3881.9,3882.4
2005-01-27 08:50:00,3885.9,3886.4,3885.4,3885.9
2005-01-27 09:00:00,3884.4,3884.4,3883.9,3884.4
2005-01-27 09:10:00,3885.4,3885.9,3884.4,3885.4
2005-01-27 09:20:00,3883.4,3884.9,3882.9,3884.9
2005-01-27 09:30:00,3884.4,3884.4,3883.9,3883.9
2005-01-27 09:40:00,3883.9,3884.4,3883.4,3884.4
2005-01-27 09:50:00,3871.5,3872.5,3870.5,3872.5
2005-01-27 10:00:00,3866.5,3867.5,3866.0,3866.5
2005-01-27 10:10:00,3863.5,3864.0,3863.0,3863.5
2005-01-27 10:20:00,3864.5,3865.5,3864.5,3865.5
2005-01-27 10:30:00,3865.5,3865.5,3865.5,3865.5
2005-01-27 10:40:00,3862.0,3862.0,3861.5,3861.5
2005-01-27 10:50:00,3860.5,3861.5,3857.5,3860.5
2005-01-27 11:00:00,3867.5,3868.0,3865.0,3865.5
2005-01-27 11:10:00,3863.5,3864.0,3863.5,3863.5
2005-01-27 11:20:00,3864.0,3864.5,3863.5,3863.5
2005-01-27 11:30:00,3866.5,3866.5,3866.0,3866.0
2005-01-27 11:40:00,3869.5,3869.5,3869.5,3869.5
2005-01-27 11:50:00,3866.5,3866.5,3866.5,3866.5
2005-01-27 12:00:00,3867.0,3867.0,3867.0,3867.0
2005-01-27 12:10:00,3866.0,3866.0,3865.5,3865.5
2005-01-27 12:20:00,3865.0,3865.5,3865.0,3865.0
2005-01-27 12:30:00,3864.0,3864.5,3864.0,3864.0
2005-01-27 12:40:00,3861.6,3862.5,3861.6,3862.5
2005-01-27 12:50:00,3862.6,3863.1,3862.6,3862.6
2005-01-27 13:00:00,3861.1,3861.6,3860.6,3860.6
2005-01-27 13:10:00,3860.1,3860.6,3860.1,3860.1
2005-01-27 13:20:00,3859.6,3860.1,3859.6,3860.1
2005-01-27 13:30:00,3861.1,3861.1,3860.6,3860.6
2005-01-27 13:40:00,3863.1,3863.1,3862.6,3862.6
2005-01-27 13:50:00,3860.1,3860.1,3860.1,3860.1
2005-01-27 14:00:00,3862.1,3862.1,3862.1,3862.1
2005-01-27 14:10:00,3861.6,3862.1,3861.6,3862.1
2005-01-27 14:20:00,3861.6,3862.1,3861.6,3862.1
2005-01-27 14:30:00,3860.1,3860.1,3858.6,3859.1
2005-01-27 14:40:00,3861.1,3861.1,3860.1,3861.1
2005-01-27 14:50:00,3861.6,3862.1,3860.6,3862.1
2005-01-27 15:00:00,3864.1,3865.1,3864.1,3865.1
2005-01-27 15:10:00,3859.6,3860.1,3858.6,3858.6
2005-01-27 15:20:00,3859.6,3859.6,3858.6,3858.6
2005-01-27 15:30:00,3865.1,3866.6,3864.1,3864.6
2005-01-27 15:40:00,3867.1,3867.6,3865.1,3865.1
2005-01-27 15:50:00,3871.6,3872.6,3871.6,3871.6
2005-01-27 16:00:00,3879.1,3880.1,3876.1,3876.6
2005-01-27 16:10:00,3880.1,3880.6,3879.6,3880.1
2005-01-27 16:20:00,3881.1,3882.6,3880.1,3880.6
2005-01-27 16:30:00,3885.6,3887.1,3885.6,3886.1
2005-01-27 16:40:00,3885.6,3885.6,3885.1,3885.1
2005-01-27 16:50:00,3886.6,3886.6,3886.1,3886.6
2005-01-27 17:00:00,3885.1,3885.6,3885.1,3885.6
2005-01-27 17:10:00,3884.6,3884.6,3884.6,3884.6
2005-01-27 17:20:00,3885.1,3885.1,3884.6,3884.6
2005-01-27 17:30:00,3885.6,3885.6,3885.6,3885.6
2005-01-27 17:40:00,3888.6,3888.6,3888.6,3888.6
2005-01-27 17:50:00,3886.6,3887.1,3886.6,3887.1
2005-01-27 18:00:00,3882.1,3882.6,3881.6,3882.6
2005-01-27 18:10:00,3884.1,3884.1,3884.1,3884.1
2005-01-27 18:20:00,3880.6,3881.1,3880.6,3881.1
2005-01-27 18:30:00,3881.1,3881.1,3880.6,3880.6
2005-01-27 18:40:00,3877.1,3877.6,3877.1,3877.6
2005-01-27 18:50:00,3877.6,3877.6,3875.6,3876.6
2005-01-27 19:00:00,3877.6,3877.6,3875.6,3876.6
2005-01-27 19:10:00,3877.6,3877.6,3875.6,3876.6
2005-01-27 19:20:00,3877.6,3877.6,3875.6,3876.6
2005-01-27 19:30:00,3877.6,3877.6,3875.6,3876.6
2005-01-27 19:40:00,3877.6,3877.6,3875.6,3876.6
2005-01-27 19:50:00,3877.6,3877.6,3875.6,3876.6
2005-01-27 20:00:00,3877.6,3877.6,3875.6,3876.6
2005-01-27 20:10:00,3877.6,3877.6,3875.6,3876.6
2005-01-27 20:20:00,3877.6,3877.6,3875.6,3876.6
2005-01-27 20:30:00,3877.6,3877.6,3875.6,3876.6
2005-01-27 20:40:00,3877.6,3877.6,3875.6,3876.6
2005-01-27 20:50:00,3877.6,3877.6,3875.6,3876.6
2005-01-27 21:00:00,3877.6,3877.6,3875.6,3876.6
2005-01-27 21:10:00,3877.6,3877.6,3875.6,3876.6
2005-01-27 21:20:00,3877.6,3877.6,3875.6,3876.6
2005-01-27 21:30:00,3877.6,3877.6,3875.6,3876.6
2005-01-27 21:40:00,3877.6,3877.6,3875.6,3876.6
2005-01-27 21:50:00,3877.6,3877.6,3875.6,3876.6
2005-01-27 22:00:00,3877.6,3877.6,3875.6,3876.6
2005-01-27 22:10:00,3877.6,3877.6,3875.6,3876.6
2005-01-27 22:20:00,3877.6,3877.6,3875.6,3876.6
2005-01-27 22:30:00,3877.6,3877.6,3875.6,3876.6
2005-01-27 22:40:00,3877.6,3877.6,3875.6,3876.6
2005-01-27 22:50:00,3877.6,3877.6,3875.6,3876.6
2005-01-27 23:00:00,3877.6,3877.6,3875.6,3876.6
2005-01-27 23:10:00,3877.6,3877.6,3875.6,3876.6
2005-01-27 23:20:00,3877.6,3877.6,3875.6,3876.6
2005-01-27 23:30:00,3877.6,3877.6,3875.6,3876.6
2005-01-27 23:40:00,3877.6,3877.6,3875.6,3876.6
2005-01-27 23:50:00,3877.6,3877.6,3875.6,3876.6
2005-01-28 00:00:00,3877.6,3877.6,3875.6,3876.6
2005-01-28 00:10:00,3877.6,3877.6,3875.6,3876.6
2005-01-28 00:20:00,3877.6,3877.6,3875.6,3876.6
2005-01-28 00:30:00,3877.6,3877.6,3875.6,3876.6
2005-01-28 00:40:00,3877.6,3877.6,3875.6,3876.6
2005-01-28 00:50:00,3877.6,3877.6,3875.6,3876.6
2005-01-28 01:00:00,3877.6,3877.6,3875.6,3876.6
2005-01-28 01:10:00,3877.6,3877.6,3875.6,3876.6
2005-01-28 01:20:00,3877.6,3877.6,3875.6,3876.6
2005-01-28 01:30:00,3877.6,3877.6,3875.6,3876.6
2005-01-28 01:40:00,3877.6,3877.6,3875.6,3876.6
2005-01-28 01:50:00,3877.6,3877.6,3875.6,3876.6
2005-01-28 02:00:00,3877.6,3877.6,3875.6,3876.6
2005-01-28 02:10:00,3877.6,3877.6,3875.6,3876.6
2005-01-28 02:20:00,3877.6,3877.6,3875.6,3876.6
2005-01-28 02:30:00,3877.6,3877.6,3875.6,3876.6
2005-01-28 02:40:00,3877.6,3877.6,3875.6,3876.6
2005-01-28 02:50:00,3877.6,3877.6,3875.6,3876.6
2005-01-28 03:00:00,3877.6,3877.6,3875.6,3876.6
2005-01-28 03:10:00,3877.6,3877.6,3875.6,3876.6
2005-01-28 03:20:00,3877.6,3877.6,3875.6,3876.6
2005-01-28 03:30:00,3877.6,3877.6,3875.6,3876.6
2005-01-28 03:40:00,3877.6,3877.6,3875.6,3876.6
2005-01-28 03:50:00,3877.6,3877.6,3875.6,3876.6
2005-01-28 04:00:00,3877.6,3877.6,3875.6,3876.6
2005-01-28 04:10:00,3877.6,3877.6,3875.6,3876.6
2005-01-28 04:20:00,3877.6,3877.6,3875.6,3876.6
2005-01-28 04:30:00,3877.6,3877.6,3875.6,3876.6
2005-01-28 04:40:00,3877.6,3877.6,3875.6,3876.6
2005-01-28 04:50:00,3877.6,3877.6,3875.6,3876.6
2005-01-28 05:00:00,3877.6,3877.6,3875.6,3876.6
2005-01-28 05:10:00,3877.6,3877.6,3875.6,3876.6
2005-01-28 05:20:00,3877.6,3877.6,3875.6,3876.6
2005-01-28 05:30:00,3877.6,3877.6,3875.6,3876.6
2005-01-28 05:40:00,3877.6,3877.6,3875.6,3876.6
2005-01-28 05:50:00,3877.6,3877.6,3875.6,3876.6
2005-01-28 06:00:00,3877.6,3877.6,3875.6,3876.6
2005-01-28 06:10:00,3877.6,3877.6,3875.6,3876.6
2005-01-28 06:20:00,3877.6,3877.6,3875.6,3876.6
2005-01-28 06:30:00,3877.6,3877.6,3875.6,3876.6
2005-01-28 06:40:00,3877.6,3877.6,3875.6,3876.6
2005-01-28 06:50:00,3877.6,3877.6,3875.6,3876.6
2005-01-28 07:00:00,3883.8,3884.8,3883.8,3884.3
2005-01-28 07:10:00,3886.8,3886.8,3886.3,3886.3
2005-01-28 07:20:00,3886.8,3886.8,3886.3,3886.3
2005-01-28 07:30:00,3882.3,3882.3,3882.3,3882.3
2005-01-28 07:40:00,3881.8,3881.8,3881.8,3881.8
2005-01-28 07:50:00,3885.8,3886.8,3884.8,3885.8
2005-01-28 08:00:00,3883.3,3883.8,3882.8,3883.3
2005-01-28 08:10:00,3895.8,3895.8,3892.3,3892.3
2005-01-28 08:20:00,3889.8,3890.3,3889.8,3889.8
2005-01-28 08:30:00,3888.8,3889.8,3888.8,3888.8
2005-01-28 08:40:00,3887.8,3888.3,3887.8,3888.3
2005-01-28 08:50:00,3887.4,3888.3,3887.4,3888.3
2005-01-28 09:00:00,3891.3,3891.3,3888.4,3888.9
2005-01-28 09:10:00,3889.4,3889.4,3889.4,3889.4
2005-01-28 09:20:00,3892.3,3892.3,3891.8,3892.3
2005-01-28 09:30:00,3888.4,3888.4,3887.4,3887.4
2005-01-28 09:40:00,3891.9,3892.4,3891.9,3892.4
2005-01-28 09:50:00,3893.4,3893.4,3893.4,3893.4
2005-01-28 10:00:00,3890.4,3890.9,3889.9,3890.9
2005-01-28 10:10:00,3890.4,3890.4,3890.4,3890.4
2005-01-28 10:20:00,3890.4,3890.9,3890.4,3890.4
2005-01-28 10:30:00,3889.9,3890.4,3889.4,3889.9
2005-01-28 10:40:00,3891.4,3891.4,3890.4,3890.4
2005-01-28 10:50:00,3890.4,3890.4,3889.9,3889.9
2005-01-28 11:00:00,3888.9,3888.9,3887.9,3887.9
2005-01-28 11:10:00,3887.9,3888.4,3887.9,3888.4
2005-01-28 11:20:00,3886.4,3886.4,3886.4,3886.4
2005-01-28 11:30:00,3887.4,3887.4,3886.9,3886.9
2005-01-28 11:40:00,3886.9,3887.4,3886.9,3887.4
2005-01-28 11:50:00,3887.4,3887.4,3886.9,3886.9
2005-01-28 12:00:00,3886.4,3886.4,3885.9,3885.9
2005-01-28 12:10:00,3887.9,3887.9,3887.9,3887.9
2005-01-28 12:20:00,3885.9,3885.9,3885.9,3885.9
2005-01-28 12:30:00,3886.4,3886.4,3886.4,3886.4
2005-01-28 12:40:00,3885.9,3885.9,3885.9,3885.9
2005-01-28 12:50:00,3884.9,3885.4,3884.9,3885.4
2005-01-28 13:00:00,3885.4,3885.4,3884.9,3884.9
2005-01-28 13:10:00,3883.9,3884.4,3883.4,3883.9
2005-01-28 13:20:00,3886.4,3886.4,3885.9,3885.9
2005-01-28 13:30:00,3883.4,3883.9,3882.9,3883.9
2005-01-28 13:40:00,3883.4,3883.4,3882.4,3882.9
2005-01-28 13:50:00,3882.0,3882.5,3882.0,3882.5
2005-01-28 14:00:00,3883.5,3884.0,3883.0,3883.5
2005-01-28 14:10:00,3883.5,3883.5,3883.5,3883.5
2005-01-28 14:20:00,3883.5,3883.5,3883.0,3883.0
2005-01-28 14:30:00,3883.0,3883.5,3883.0,3883.5
2005-01-28 14:40:00,3880.0,3880.0,3879.0,3879.0
2005-01-28 14:50:00,3879.5,3879.5,3878.5,3879.0
2005-01-28 15:00:00,3876.0,3876.5,3876.0,3876.0
2005-01-28 15:10:00,3878.5,3878.5,3878.0,3878.5
2005-01-28 15:20:00,3883.0,3883.5,3883.0,3883.5
2005-01-28 15:30:00,3883.5,3884.0,3882.0,3883.5
2005-01-28 15:40:00,3877.0,3879.5,3877.0,3879.0
2005-01-28 15:50:00,3876.5,3877.0,3876.0,3876.5
2005-01-28 16:00:00,3873.0,3874.0,3872.5,3873.5
2005-01-28 16:10:00,3869.0,3871.0,3869.0,3871.0
2005-01-28 16:20:00,3867.5,3868.5,3867.0,3867.5
2005-01-28 16:30:00,3869.5,3870.0,3868.5,3868.5
2005-01-28 16:40:00,3867.5,3868.5,3867.0,3868.5
2005-01-28 16:50:00,3867.0,3867.0,3867.0,3867.0
2005-01-28 17:00:00,3868.0,3868.5,3868.0,3868.5
2005-01-28 17:10:00,3866.0,3866.5,3866.0,3866.5
2005-01-28 17:20:00,3867.5,3868.0,3867.5,3868.0
2005-01-28 17:30:00,3866.1,3866.1,3866.1,3866.1
2005-01-28 17:40:00,3866.6,3866.6,3866.1,3866.1
2005-01-28 17:50:00,3867.1,3867.1,3866.1,3866.1
2005-01-28 18:00:00,3867.1,3867.1,3867.1,3867.1
2005-01-28 18:10:00,3869.1,3869.1,3869.1,3869.1
2005-01-28 18:20:00,3869.6,3869.6,3869.6,3869.6
2005-01-28 18:30:00,3868.1,3869.1,3868.1,3869.1
2005-01-28 18:40:00,3870.1,3870.1,3870.1,3870.1
2005-01-28 18:50:00,3869.1,3869.1,3867.6,3868.6
2005-01-28 19:00:00,3869.1,3869.1,3867.6,3868.6
2005-01-28 19:10:00,3869.1,3869.1,3867.6,3868.6
2005-01-28 19:20:00,3869.1,3869.1,3867.6,3868.6
2005-01-28 19:30:00,3869.1,3869.1,3867.6,3868.6
2005-01-28 19:40:00,3869.1,3869.1,3867.6,3868.6
2005-01-28 19:50:00,3869.1,3869.1,3867.6,3868.6
2005-01-28 20:00:00,3869.1,3869.1,3867.6,3868.6
2005-01-28 20:10:00,3869.1,3869.1,3867.6,3868.6
2005-01-28 20:20:00,3869.1,3869.1,3867.6,3868.6
2005-01-28 20:30:00,3869.1,3869.1,3867.6,3868.6
2005-01-28 20:40:00,3869.1,3869.1,3867.6,3868.6
2005-01-28 20:50:00,3869.1,3869.1,3867.6,3868.6
2005-01-28 21:00:00,3869.1,3869.1,3867.6,3868.6
2005-01-28 21:10:00,3869.1,3869.1,3867.6,3868.6
2005-01-28 21:20:00,3869.1,3869.1,3867.6,3868.6
2005-01-28 21:30:00,3869.1,3869.1,3867.6,3868.6
2005-01-28 21:40:00,3869.1,3869.1,3867.6,3868.6
2005-01-28 21:50:00,3869.1,3869.1,3867.6,3868.6
2005-01-28 22:00:00,3869.1,3869.1,3867.6,3868.6
2005-01-28 22:10:00,3869.1,3869.1,3867.6,3868.6
2005-01-28 22:20:00,3869.1,3869.1,3867.6,3868.6
2005-01-28 22:30:00,3869.1,3869.1,3867.6,3868.6
2005-01-28 22:40:00,3869.1,3869.1,3867.6,3868.6
2005-01-28 22:50:00,3869.1,3869.1,3867.6,3868.6
2005-01-28 23:00:00,3869.1,3869.1,3867.6,3868.6
2005-01-28 23:10:00,3869.1,3869.1,3867.6,3868.6
2005-01-28 23:20:00,3869.1,3869.1,3867.6,3868.6
2005-01-28 23:30:00,3869.1,3869.1,3867.6,3868.6
2005-01-28 23:40:00,3869.1,3869.1,3867.6,3868.6
2005-01-28 23:50:00,3869.1,3869.1,3867.6,3868.6
2005-01-29 00:00:00,3869.1,3869.1,3867.6,3868.6
2005-01-29 00:10:00,3869.1,3869.1,3867.6,3868.6
2005-01-29 00:20:00,3869.1,3869.1,3867.6,3868.6
2005-01-29 00:30:00,3869.1,3869.1,3867.6,3868.6
2005-01-29 00:40:00,3869.1,3869.1,3867.6,3868.6
2005-01-29 00:50:00,3869.1,3869.1,3867.6,3868.6
2005-01-29 01:00:00,3869.1,3869.1,3867.6,3868.6
2005-01-29 01:10:00,3869.1,3869.1,3867.6,3868.6
2005-01-29 01:20:00,3869.1,3869.1,3867.6,3868.6
2005-01-29 01:30:00,3869.1,3869.1,3867.6,3868.6
2005-01-29 01:40:00,3869.1,3869.1,3867.6,3868.6
2005-01-29 01:50:00,3869.1,3869.1,3867.6,3868.6
2005-01-29 02:00:00,3869.1,3869.1,3867.6,3868.6
2005-01-29 02:10:00,3869.1,3869.1,3867.6,3868.6
2005-01-29 02:20:00,3869.1,3869.1,3867.6,3868.6
2005-01-29 02:30:00,3869.1,3869.1,3867.6,3868.6
2005-01-29 02:40:00,3869.1,3869.1,3867.6,3868.6
2005-01-29 02:50:00,3869.1,3869.1,3867.6,3868.6
2005-01-29 03:00:00,3869.1,3869.1,3867.6,3868.6
2005-01-29 03:10:00,3869.1,3869.1,3867.6,3868.6
2005-01-29 03:20:00,3869.1,3869.1,3867.6,3868.6
2005-01-29 03:30:00,3869.1,3869.1,3867.6,3868.6
2005-01-29 03:40:00,3869.1,3869.1,3867.6,3868.6
2005-01-29 03:50:00,3869.1,3869.1,3867.6,3868.6
2005-01-29 04:00:00,3869.1,3869.1,3867.6,3868.6
2005-01-29 04:10:00,3869.1,3869.1,3867.6,3868.6
2005-01-29 04:20:00,3869.1,3869.1,3867.6,3868.6
2005-01-29 04:30:00,3869.1,3869.1,3867.6,3868.6
2005-01-29 04:40:00,3869.1,3869.1,3867.6,3868.6
2005-01-29 04:50:00,3869.1,3869.1,3867.6,3868.6
2005-01-29 05:00:00,3869.1,3869.1,3867.6,3868.6
2005-01-29 05:10:00,3869.1,3869.1,3867.6,3868.6
2005-01-29 05:20:00,3869.1,3869.1,3867.6,3868.6
2005-01-29 05:30:00,3869.1,3869.1,3867.6,3868.6
2005-01-29 05:40:00,3869.1,3869.1,3867.6,3868.6
2005-01-29 05:50:00,3869.1,3869.1,3867.6,3868.6
2005-01-29 06:00:00,3869.1,3869.1,3867.6,3868.6
2005-01-29 06:10:00,3869.1,3869.1,3867.6,3868.6
2005-01-29 06:20:00,3869.1,3869.1,3867.6,3868.6
2005-01-29 06:30:00,3869.1,3869.1,3867.6,3868.6
2005-01-29 06:40:00,3869.1,3869.1,3867.6,3868.6
2005-01-29 06:50:00,3869.1,3869.1,3867.6,3868.6
2005-01-29 07:00:00,3869.1,3869.1,3867.6,3868.6
2005-01-29 07:10:00,3869.1,3869.1,3867.6,3868.6
2005-01-29 07:20:00,3869.1,3869.1,3867.6,3868.6
2005-01-29 07:30:00,3869.1,3869.1,3867.6,3868.6
2005-01-29 07:40:00,3869.1,3869.1,3867.6,3868.6
2005-01-29 07:50:00,3869.1,3869.1,3867.6,3868.6
2005-01-29 08:00:00,3869.1,3869.1,3867.6,3868.6
2005-01-29 08:10:00,3869.1,3869.1,3867.6,3868.6
2005-01-29 08:20:00,3869.1,3869.1,3867.6,3868.6
2005-01-29 08:30:00,3869.1,3869.1,3867.6,3868.6
2005-01-29 08:40:00,3869.1,3869.1,3867.6,3868.6
2005-01-29 08:50:00,3869.1,3869.1,3867.6,3868.6
2005-01-29 09:00:00,3869.1,3869.1,3867.6,3868.6
2005-01-29 09:10:00,3869.1,3869.1,3867.6,3868.6
2005-01-29 09:20:00,3869.1,3869.1,3867.6,3868.6
2005-01-29 09:30:00,3869.1,3869.1,3867.6,3868.6
2005-01-29 09:40:00,3869.1,3869.1,3867.6,3868.6
2005-01-29 09:50:00,3869.1,3869.1,3867.6,3868.6
2005-01-29 10:00:00,3869.1,3869.1,3867.6,3868.6
2005-01-29 10:10:00,3869.1,3869.1,3867.6,3868.6
2005-01-29 10:20:00,3869.1,3869.1,3867.6,3868.6
2005-01-29 10:30:00,3869.1,3869.1,3867.6,3868.6
2005-01-29 10:40:00,3869.1,3869.1,3867.6,3868.6
2005-01-29 10:50:00,3869.1,3869.1,3867.6,3868.6
2005-01-29 11:00:00,3869.1,3869.1,3867.6,3868.6
2005-01-29 11:10:00,3869.1,3869.1,3867.6,3868.6
2005-01-29 11:20:00,3869.1,3869.1,3867.6,3868.6
2005-01-29 11:30:00,3869.1,3869.1,3867.6,3868.6
2005-01-29 11:40:00,3869.1,3869.1,3867.6,3868.6
2005-01-29 11:50:00,3869.1,3869.1,3867.6,3868.6
2005-01-29 12:00:00,3869.1,3869.1,3867.6,3868.6
2005-01-29 12:10:00,3869.1,3869.1,3867.6,3868.6
2005-01-29 12:20:00,3869.1,3869.1,3867.6,3868.6
2005-01-29 12:30:00,3869.1,3869.1,3867.6,3868.6
2005-01-29 12:40:00,3869.1,3869.1,3867.6,3868.6
2005-01-29 12:50:00,3869.1,3869.1,3867.6,3868.6
2005-01-29 13:00:00,3869.1,3869.1,3867.6,3868.6
2005-01-29 13:10:00,3869.1,3869.1,3867.6,3868.6
2005-01-29 13:20:00,3869.1,3869.1,3867.6,3868.6
2005-01-29 13:30:00,3869.1,3869.1,3867.6,3868.6
2005-01-29 13:40:00,3869.1,3869.1,3867.6,3868.6
2005-01-29 13:50:00,3869.1,3869.1,3867.6,3868.6
2005-01-29 14:00:00,3869.1,3869.1,3867.6,3868.6
2005-01-29 14:10:00,3869.1,3869.1,3867.6,3868.6
2005-01-29 14:20:00,3869.1,3869.1,3867.6,3868.6
2005-01-29 14:30:00,3869.1,3869.1,3867.6,3868.6
2005-01-29 14:40:00,3869.1,3869.1,3867.6,3868.6
2005-01-29 14:50:00,3869.1,3869.1,3867.6,3868.6
2005-01-29 15:00:00,3869.1,3869.1,3867.6,3868.6
2005-01-29 15:10:00,3869.1,3869.1,3867.6,3868.6
2005-01-29 15:20:00,3869.1,3869.1,3867.6,3868.6
2005-01-29 15:30:00,3869.1,3869.1,3867.6,3868.6
2005-01-29 15:40:00,3869.1,3869.1,3867.6,3868.6
2005-01-29 15:50:00,3869.1,3869.1,3867.6,3868.6
2005-01-29 16:00:00,3869.1,3869.1,3867.6,3868.6
2005-01-29 16:10:00,3869.1,3869.1,3867.6,3868.6
2005-01-29 16:20:00,3869.1,3869.1,3867.6,3868.6
2005-01-29 16:30:00,3869.1,3869.1,3867.6,3868.6
2005-01-29 16:40:00,3869.1,3869.1,3867.6,3868.6
2005-01-29 16:50:00,3869.1,3869.1,3867.6,3868.6
2005-01-29 17:00:00,3869.1,3869.1,3867.6,3868.6
2005-01-29 17:10:00,3869.1,3869.1,3867.6,3868.6
2005-01-29 17:20:00,3869.1,3869.1,3867.6,3868.6
2005-01-29 17:30:00,3869.1,3869.1,3867.6,3868.6
2005-01-29 17:40:00,3869.1,3869.1,3867.6,3868.6
2005-01-29 17:50:00,3869.1,3869.1,3867.6,3868.6
2005-01-29 18:00:00,3869.1,3869.1,3867.6,3868.6
2005-01-29 18:10:00,3869.1,3869.1,3867.6,3868.6
2005-01-29 18:20:00,3869.1,3869.1,3867.6,3868.6
2005-01-29 18:30:00,3869.1,3869.1,3867.6,3868.6
2005-01-29 18:40:00,3869.1,3869.1,3867.6,3868.6
2005-01-29 18:50:00,3869.1,3869.1,3867.6,3868.6
2005-01-29 19:00:00,3869.1,3869.1,3867.6,3868.6
2005-01-29 19:10:00,3869.1,3869.1,3867.6,3868.6
2005-01-29 19:20:00,3869.1,3869.1,3867.6,3868.6
2005-01-29 19:30:00,3869.1,3869.1,3867.6,3868.6
2005-01-29 19:40:00,3869.1,3869.1,3867.6,3868.6
2005-01-29 19:50:00,3869.1,3869.1,3867.6,3868.6
2005-01-29 20:00:00,3869.1,3869.1,3867.6,3868.6
2005-01-29 20:10:00,3869.1,3869.1,3867.6,3868.6
2005-01-29 20:20:00,3869.1,3869.1,3867.6,3868.6
2005-01-29 20:30:00,3869.1,3869.1,3867.6,3868.6
2005-01-29 20:40:00,3869.1,3869.1,3867.6,3868.6
2005-01-29 20:50:00,3869.1,3869.1,3867.6,3868.6
2005-01-29 21:00:00,3869.1,3869.1,3867.6,3868.6
2005-01-29 21:10:00,3869.1,3869.1,3867.6,3868.6
2005-01-29 21:20:00,3869.1,3869.1,3867.6,3868.6
2005-01-29 21:30:00,3869.1,3869.1,3867.6,3868.6
2005-01-29 21:40:00,3869.1,3869.1,3867.6,3868.6
2005-01-29 21:50:00,3869.1,3869.1,3867.6,3868.6
2005-01-29 22:00:00,3869.1,3869.1,3867.6,3868.6
2005-01-29 22:10:00,3869.1,3869.1,3867.6,3868.6
2005-01-29 22:20:00,3869.1,3869.1,3867.6,3868.6
2005-01-29 22:30:00,3869.1,3869.1,3867.6,3868.6
2005-01-29 22:40:00,3869.1,3869.1,3867.6,3868.6
2005-01-29 22:50:00,3869.1,3869.1,3867.6,3868.6
2005-01-29 23:00:00,3869.1,3869.1,3867.6,3868.6
2005-01-29 23:10:00,3869.1,3869.1,3867.6,3868.6
2005-01-29 23:20:00,3869.1,3869.1,3867.6,3868.6
2005-01-29 23:30:00,3869.1,3869.1,3867.6,3868.6
2005-01-29 23:40:00,3869.1,3869.1,3867.6,3868.6
2005-01-29 23:50:00,3869.1,3869.1,3867.6,3868.6
2005-01-30 00:00:00,3869.1,3869.1,3867.6,3868.6
2005-01-30 00:10:00,3869.1,3869.1,3867.6,3868.6
2005-01-30 00:20:00,3869.1,3869.1,3867.6,3868.6
2005-01-30 00:30:00,3869.1,3869.1,3867.6,3868.6
2005-01-30 00:40:00,3869.1,3869.1,3867.6,3868.6
2005-01-30 00:50:00,3869.1,3869.1,3867.6,3868.6
2005-01-30 01:00:00,3869.1,3869.1,3867.6,3868.6
2005-01-30 01:10:00,3869.1,3869.1,3867.6,3868.6
2005-01-30 01:20:00,3869.1,3869.1,3867.6,3868.6
2005-01-30 01:30:00,3869.1,3869.1,3867.6,3868.6
2005-01-30 01:40:00,3869.1,3869.1,3867.6,3868.6
2005-01-30 01:50:00,3869.1,3869.1,3867.6,3868.6
2005-01-30 02:00:00,3869.1,3869.1,3867.6,3868.6
2005-01-30 02:10:00,3869.1,3869.1,3867.6,3868.6
2005-01-30 02:20:00,3869.1,3869.1,3867.6,3868.6
2005-01-30 02:30:00,3869.1,3869.1,3867.6,3868.6
2005-01-30 02:40:00,3869.1,3869.1,3867.6,3868.6
2005-01-30 02:50:00,3869.1,3869.1,3867.6,3868.6
2005-01-30 03:00:00,3869.1,3869.1,3867.6,3868.6
2005-01-30 03:10:00,3869.1,3869.1,3867.6,3868.6
2005-01-30 03:20:00,3869.1,3869.1,3867.6,3868.6
2005-01-30 03:30:00,3869.1,3869.1,3867.6,3868.6
2005-01-30 03:40:00,3869.1,3869.1,3867.6,3868.6
2005-01-30 03:50:00,3869.1,3869.1,3867.6,3868.6
2005-01-30 04:00:00,3869.1,3869.1,3867.6,3868.6
2005-01-30 04:10:00,3869.1,3869.1,3867.6,3868.6
2005-01-30 04:20:00,3869.1,3869.1,3867.6,3868.6
2005-01-30 04:30:00,3869.1,3869.1,3867.6,3868.6
2005-01-30 04:40:00,3869.1,3869.1,3867.6,3868.6
2005-01-30 04:50:00,3869.1,3869.1,3867.6,3868.6
2005-01-30 05:00:00,3869.1,3869.1,3867.6,3868.6
2005-01-30 05:10:00,3869.1,3869.1,3867.6,3868.6
2005-01-30 05:20:00,3869.1,3869.1,3867.6,3868.6
2005-01-30 05:30:00,3869.1,3869.1,3867.6,3868.6
2005-01-30 05:40:00,3869.1,3869.1,3867.6,3868.6
2005-01-30 05:50:00,3869.1,3869.1,3867.6,3868.6
2005-01-30 06:00:00,3869.1,3869.1,3867.6,3868.6
2005-01-30 06:10:00,3869.1,3869.1,3867.6,3868.6
2005-01-30 06:20:00,3869.1,3869.1,3867.6,3868.6
2005-01-30 06:30:00,3869.1,3869.1,3867.6,3868.6
2005-01-30 06:40:00,3869.1,3869.1,3867.6,3868.6
2005-01-30 06:50:00,3869.1,3869.1,3867.6,3868.6
2005-01-30 07:00:00,3869.1,3869.1,3867.6,3868.6
2005-01-30 07:10:00,3869.1,3869.1,3867.6,3868.6
2005-01-30 07:20:00,3869.1,3869.1,3867.6,3868.6
2005-01-30 07:30:00,3869.1,3869.1,3867.6,3868.6
2005-01-30 07:40:00,3869.1,3869.1,3867.6,3868.6
2005-01-30 07:50:00,3869.1,3869.1,3867.6,3868.6
2005-01-30 08:00:00,3869.1,3869.1,3867.6,3868.6
2005-01-30 08:10:00,3869.1,3869.1,3867.6,3868.6
2005-01-30 08:20:00,3869.1,3869.1,3867.6,3868.6
2005-01-30 08:30:00,3869.1,3869.1,3867.6,3868.6
2005-01-30 08:40:00,3869.1,3869.1,3867.6,3868.6
2005-01-30 08:50:00,3869.1,3869.1,3867.6,3868.6
2005-01-30 09:00:00,3869.1,3869.1,3867.6,3868.6
2005-01-30 09:10:00,3869.1,3869.1,3867.6,3868.6
2005-01-30 09:20:00,3869.1,3869.1,3867.6,3868.6
2005-01-30 09:30:00,3869.1,3869.1,3867.6,3868.6
2005-01-30 09:40:00,3869.1,3869.1,3867.6,3868.6
2005-01-30 09:50:00,3869.1,3869.1,3867.6,3868.6
2005-01-30 10:00:00,3869.1,3869.1,3867.6,3868.6
2005-01-30 10:10:00,3869.1,3869.1,3867.6,3868.6
2005-01-30 10:20:00,3869.1,3869.1,3867.6,3868.6
2005-01-30 10:30:00,3869.1,3869.1,3867.6,3868.6
2005-01-30 10:40:00,3869.1,3869.1,3867.6,3868.6
2005-01-30 10:50:00,3869.1,3869.1,3867.6,3868.6
2005-01-30 11:00:00,3869.1,3869.1,3867.6,3868.6
2005-01-30 11:10:00,3869.1,3869.1,3867.6,3868.6
2005-01-30 11:20:00,3869.1,3869.1,3867.6,3868.6
2005-01-30 11:30:00,3869.1,3869.1,3867.6,3868.6
2005-01-30 11:40:00,3869.1,3869.1,3867.6,3868.6
2005-01-30 11:50:00,3869.1,3869.1,3867.6,3868.6
2005-01-30 12:00:00,3869.1,3869.1,3867.6,3868.6
2005-01-30 12:10:00,3869.1,3869.1,3867.6,3868.6
2005-01-30 12:20:00,3869.1,3869.1,3867.6,3868.6
2005-01-30 12:30:00,3869.1,3869.1,3867.6,3868.6
2005-01-30 12:40:00,3869.1,3869.1,3867.6,3868.6
2005-01-30 12:50:00,3869.1,3869.1,3867.6,3868.6
2005-01-30 13:00:00,3869.1,3869.1,3867.6,3868.6
2005-01-30 13:10:00,3869.1,3869.1,3867.6,3868.6
2005-01-30 13:20:00,3869.1,3869.1,3867.6,3868.6
2005-01-30 13:30:00,3869.1,3869.1,3867.6,3868.6
2005-01-30 13:40:00,3869.1,3869.1,3867.6,3868.6
2005-01-30 13:50:00,3869.1,3869.1,3867.6,3868.6
2005-01-30 14:00:00,3869.1,3869.1,3867.6,3868.6
2005-01-30 14:10:00,3869.1,3869.1,3867.6,3868.6
2005-01-30 14:20:00,3869.1,3869.1,3867.6,3868.6
2005-01-30 14:30:00,3869.1,3869.1,3867.6,3868.6
2005-01-30 14:40:00,3869.1,3869.1,3867.6,3868.6
2005-01-30 14:50:00,3869.1,3869.1,3867.6,3868.6
2005-01-30 15:00:00,3869.1,3869.1,3867.6,3868.6
2005-01-30 15:10:00,3869.1,3869.1,3867.6,3868.6
2005-01-30 15:20:00,3869.1,3869.1,3867.6,3868.6
2005-01-30 15:30:00,3869.1,3869.1,3867.6,3868.6
2005-01-30 15:40:00,3869.1,3869.1,3867.6,3868.6
2005-01-30 15:50:00,3869.1,3869.1,3867.6,3868.6
2005-01-30 16:00:00,3869.1,3869.1,3867.6,3868.6
2005-01-30 16:10:00,3869.1,3869.1,3867.6,3868.6
2005-01-30 16:20:00,3869.1,3869.1,3867.6,3868.6
2005-01-30 16:30:00,3869.1,3869.1,3867.6,3868.6
2005-01-30 16:40:00,3869.1,3869.1,3867.6,3868.6
2005-01-30 16:50:00,3869.1,3869.1,3867.6,3868.6
2005-01-30 17:00:00,3869.1,3869.1,3867.6,3868.6
2005-01-30 17:10:00,3869.1,3869.1,3867.6,3868.6
2005-01-30 17:20:00,3869.1,3869.1,3867.6,3868.6
2005-01-30 17:30:00,3869.1,3869.1,3867.6,3868.6
2005-01-30 17:40:00,3869.1,3869.1,3867.6,3868.6
2005-01-30 17:50:00,3869.1,3869.1,3867.6,3868.6
2005-01-30 18:00:00,3869.1,3869.1,3867.6,3868.6
2005-01-30 18:10:00,3869.1,3869.1,3867.6,3868.6
2005-01-30 18:20:00,3869.1,3869.1,3867.6,3868.6
2005-01-30 18:30:00,3869.1,3869.1,3867.6,3868.6
2005-01-30 18:40:00,3869.1,3869.1,3867.6,3868.6
2005-01-30 18:50:00,3869.1,3869.1,3867.6,3868.6
2005-01-30 19:00:00,3869.1,3869.1,3867.6,3868.6
2005-01-30 19:10:00,3869.1,3869.1,3867.6,3868.6
2005-01-30 19:20:00,3869.1,3869.1,3867.6,3868.6
2005-01-30 19:30:00,3869.1,3869.1,3867.6,3868.6
2005-01-30 19:40:00,3869.1,3869.1,3867.6,3868.6
2005-01-30 19:50:00,3869.1,3869.1,3867.6,3868.6
2005-01-30 20:00:00,3869.1,3869.1,3867.6,3868.6
2005-01-30 20:10:00,3869.1,3869.1,3867.6,3868.6
2005-01-30 20:20:00,3869.1,3869.1,3867.6,3868.6
2005-01-30 20:30:00,3869.1,3869.1,3867.6,3868.6
2005-01-30 20:40:00,3869.1,3869.1,3867.6,3868.6
2005-01-30 20:50:00,3869.1,3869.1,3867.6,3868.6
2005-01-30 21:00:00,3869.1,3869.1,3867.6,3868.6
2005-01-30 21:10:00,3869.1,3869.1,3867.6,3868.6
2005-01-30 21:20:00,3869.1,3869.1,3867.6,3868.6
2005-01-30 21:30:00,3869.1,3869.1,3867.6,3868.6
2005-01-30 21:40:00,3869.1,3869.1,3867.6,3868.6
2005-01-30 21:50:00,3869.1,3869.1,3867.6,3868.6
2005-01-30 22:00:00,3869.1,3869.1,3867.6,3868.6
2005-01-30 22:10:00,3869.1,3869.1,3867.6,3868.6
2005-01-30 22:20:00,3869.1,3869.1,3867.6,3868.6
2005-01-30 22:30:00,3869.1,3869.1,3867.6,3868.6
2005-01-30 22:40:00,3869.1,3869.1,3867.6,3868.6
2005-01-30 22:50:00,3869.1,3869.1,3867.6,3868.6
2005-01-30 23:00:00,3869.1,3869.1,3867.6,3868.6
2005-01-30 23:10:00,3869.1,3869.1,3867.6,3868.6
2005-01-30 23:20:00,3869.1,3869.1,3867.6,3868.6
2005-01-30 23:30:00,3869.1,3869.1,3867.6,3868.6
2005-01-30 23:40:00,3869.1,3869.1,3867.6,3868.6
2005-01-30 23:50:00,3869.1,3869.1,3867.6,3868.6
2005-01-31 00:00:00,3869.1,3869.1,3867.6,3868.6
2005-01-31 00:10:00,3869.1,3869.1,3867.6,3868.6
2005-01-31 00:20:00,3869.1,3869.1,3867.6,3868.6
2005-01-31 00:30:00,3869.1,3869.1,3867.6,3868.6
2005-01-31 00:40:00,3869.1,3869.1,3867.6,3868.6
2005-01-31 00:50:00,3869.1,3869.1,3867.6,3868.6
2005-01-31 01:00:00,3869.1,3869.1,3867.6,3868.6
2005-01-31 01:10:00,3869.1,3869.1,3867.6,3868.6
2005-01-31 01:20:00,3869.1,3869.1,3867.6,3868.6
2005-01-31 01:30:00,3869.1,3869.1,3867.6,3868.6
2005-01-31 01:40:00,3869.1,3869.1,3867.6,3868.6
2005-01-31 01:50:00,3869.1,3869.1,3867.6,3868.6
2005-01-31 02:00:00,3869.1,3869.1,3867.6,3868.6
2005-01-31 02:10:00,3869.1,3869.1,3867.6,3868.6
2005-01-31 02:20:00,3869.1,3869.1,3867.6,3868.6
2005-01-31 02:30:00,3869.1,3869.1,3867.6,3868.6
2005-01-31 02:40:00,3869.1,3869.1,3867.6,3868.6
2005-01-31 02:50:00,3869.1,3869.1,3867.6,3868.6
2005-01-31 03:00:00,3869.1,3869.1,3867.6,3868.6
2005-01-31 03:10:00,3869.1,3869.1,3867.6,3868.6
2005-01-31 03:20:00,3869.1,3869.1,3867.6,3868.6
2005-01-31 03:30:00,3869.1,3869.1,3867.6,3868.6
2005-01-31 03:40:00,3869.1,3869.1,3867.6,3868.6
2005-01-31 03:50:00,3869.1,3869.1,3867.6,3868.6
2005-01-31 04:00:00,3869.1,3869.1,3867.6,3868.6
2005-01-31 04:10:00,3869.1,3869.1,3867.6,3868.6
2005-01-31 04:20:00,3869.1,3869.1,3867.6,3868.6
2005-01-31 04:30:00,3869.1,3869.1,3867.6,3868.6
2005-01-31 04:40:00,3869.1,3869.1,3867.6,3868.6
2005-01-31 04:50:00,3869.1,3869.1,3867.6,3868.6
2005-01-31 05:00:00,3869.1,3869.1,3867.6,3868.6
2005-01-31 05:10:00,3869.1,3869.1,3867.6,3868.6
2005-01-31 05:20:00,3869.1,3869.1,3867.6,3868.6
2005-01-31 05:30:00,3869.1,3869.1,3867.6,3868.6
2005-01-31 05:40:00,3869.1,3869.1,3867.6,3868.6
2005-01-31 05:50:00,3869.1,3869.1,3867.6,3868.6
2005-01-31 06:00:00,3869.1,3869.1,3867.6,3868.6
2005-01-31 06:10:00,3869.1,3869.1,3867.6,3868.6
2005-01-31 06:20:00,3869.1,3869.1,3867.6,3868.6
2005-01-31 06:30:00,3869.1,3869.1,3867.6,3868.6
2005-01-31 06:40:00,3869.1,3869.1,3867.6,3868.6
2005-01-31 06:50:00,3869.1,3869.1,3867.6,3868.6
2005-01-31 07:00:00,3896.1,3896.1,3896.1,3896.1
2005-01-31 07:10:00,3896.1,3896.1,3896.1,3896.1
2005-01-31 07:20:00,3894.1,3894.1,3894.1,3894.1
2005-01-31 07:30:00,3891.6,3893.1,3891.6,3892.6
2005-01-31 07:40:00,3892.1,3892.1,3891.1,3891.1
2005-01-31 07:50:00,3894.6,3894.6,3893.6,3894.1
2005-01-31 08:00:00,3891.6,3893.1,3891.6,3892.1
2005-01-31 08:10:00,3890.6,3891.6,3890.6,3890.6
2005-01-31 08:20:00,3893.6,3895.1,3892.6,3892.6
2005-01-31 08:30:00,3898.1,3898.6,3898.1,3898.6
2005-01-31 08:40:00,3898.1,3898.1,3897.1,3897.1
2005-01-31 08:50:00,3901.6,3901.6,3901.6,3901.6
2005-01-31 09:00:00,3905.6,3906.1,3905.1,3905.1
2005-01-31 09:10:00,3909.1,3909.1,3907.6,3908.6
2005-01-31 09:20:00,3906.6,3906.6,3906.1,3906.1
2005-01-31 09:30:00,3901.6,3902.1,3901.6,3901.6
2005-01-31 09:40:00,3901.6,3901.6,3901.1,3901.1
2005-01-31 09:50:00,3900.6,3901.1,3900.1,3900.6
2005-01-31 10:00:00,3899.6,3899.6,3899.6,3899.6
2005-01-31 10:10:00,3898.6,3898.6,3897.6,3898.1
2005-01-31 10:20:00,3898.6,3898.6,3898.6,3898.6
2005-01-31 10:30:00,3900.6,3901.1,3900.6,3901.1
2005-01-31 10:40:00,3903.1,3903.1,3902.6,3903.1
2005-01-31 10:50:00,3901.2,3902.1,3901.2,3902.1
2005-01-31 11:00:00,3899.2,3899.2,3899.2,3899.2
2005-01-31 11:10:00,3899.7,3899.7,3899.7,3899.7
2005-01-31 11:20:00,3898.7,3899.2,3898.7,3899.2
2005-01-31 11:30:00,3901.7,3901.7,3901.2,3901.2
2005-01-31 11:40:00,3901.7,3901.7,3901.2,3901.2
2005-01-31 11:50:00,3901.2,3901.2,3900.2,3900.2
2005-01-31 12:00:00,3900.7,3900.7,3900.2,3900.2
2005-01-31 12:10:00,3900.7,3900.7,3900.7,3900.7
2005-01-31 12:20:00,3901.2,3901.2,3900.7,3900.7
2005-01-31 12:30:00,3900.2,3900.2,3900.2,3900.2
2005-01-31 12:40:00,3899.2,3899.7,3899.2,3899.7
2005-01-31 12:50:00,3896.7,3898.7,3896.7,3898.7
2005-01-31 13:00:00,3898.7,3899.2,3898.2,3898.2
2005-01-31 13:10:00,3899.2,3899.7,3899.2,3899.7
2005-01-31 13:20:00,3899.7,3899.7,3899.7,3899.7
2005-01-31 13:30:00,3900.2,3901.2,3900.2,3900.7
2005-01-31 13:40:00,3899.2,3899.2,3899.2,3899.2
2005-01-31 13:50:00,3899.2,3899.2,3898.7,3899.2
2005-01-31 14:00:00,3898.2,3898.2,3898.2,3898.2
2005-01-31 14:10:00,3899.7,3899.7,3899.7,3899.7
2005-01-31 14:20:00,3900.2,3900.2,3900.2,3900.2
2005-01-31 14:30:00,3902.7,3903.2,3902.7,3903.2
2005-01-31 14:40:00,3902.2,3903.2,3901.2,3901.7
2005-01-31 14:50:00,3906.2,3906.2,3903.2,3903.2
2005-01-31 15:00:00,3902.2,3903.2,3901.2,3903.2
2005-01-31 15:10:00,3899.2,3899.7,3898.7,3899.2
2005-01-31 15:20:00,3901.7,3902.7,3901.2,3902.2
2005-01-31 15:30:00,3902.7,3902.7,3901.2,3902.7
2005-01-31 15:40:00,3901.7,3902.2,3901.7,3902.2
2005-01-31 15:50:00,3901.7,3901.7,3901.2,3901.7
2005-01-31 16:00:00,3903.2,3903.2,3901.7,3901.7
2005-01-31 16:10:00,3907.7,3908.7,3907.2,3907.2
2005-01-31 16:20:00,3909.2,3911.2,3908.7,3910.2
